customer_id,industry,cohort_index,cohort_month,m0_cop,early_run_rate_cop,early_months_observed,m1_cop,year,half,quarter,clean
378,Restaurantes,1,2022-02,168000.0,84000.0,3,84000.0,2022,2022 H1,2022 Q1,False
379,Tecnología,1,2022-02,37800.0,37800.0,3,37800.0,2022,2022 H1,2022 Q1,False
380,Restaurantes,1,2022-02,84000.0,168000.0,3,0.0,2022,2022 H1,2022 Q1,False
381,Servicios profesionales,1,2022-02,84000.0,47250.0,3,0.0,2022,2022 H1,2022 Q1,False
382,Retail,1,2022-02,10500.0,10500.0,3,10500.0,2022,2022 H1,2022 Q1,False
383,Producción,1,2022-02,56700.0,56700.0,3,56700.0,2022,2022 H1,2022 Q1,False
384,Restaurantes,1,2022-02,109200.0,81900.0,3,0.0,2022,2022 H1,2022 Q1,False
385,Restaurantes,1,2022-02,168000.0,84000.0,3,84000.0,2022,2022 H1,2022 Q1,False
386,Restaurantes,1,2022-02,273000.0,273000.0,3,273000.0,2022,2022 H1,2022 Q1,False
387,Producción,1,2022-02,6300.0,6300.0,3,6300.0,2022,2022 H1,2022 Q1,False
388,Tecnología,1,2022-02,6300.0,6300.0,3,6300.0,2022,2022 H1,2022 Q1,False
389,Retail,1,2022-02,23100.0,23100.0,3,0.0,2022,2022 H1,2022 Q1,False
390,Producción,1,2022-02,449559.6,337169.7,3,224779.8,2022,2022 H1,2022 Q1,False
391,Restaurantes,1,2022-02,311640.0,8820.0,3,8820.0,2022,2022 H1,2022 Q1,False
392,Restaurantes,1,2022-02,121767.45,121767.45,3,0.0,2022,2022 H1,2022 Q1,False
393,Tecnología,1,2022-02,145386.36,79962.54,3,79962.54,2022,2022 H1,2022 Q1,False
394,Producción,1,2022-02,73500.0,73500.0,3,0.0,2022,2022 H1,2022 Q1,False
395,Tecnología,1,2022-02,63000.0,63000.0,3,0.0,2022,2022 H1,2022 Q1,False
396,Servicios profesionales,1,2022-02,57750.0,57750.0,3,57750.0,2022,2022 H1,2022 Q1,False
397,Restaurantes,1,2022-02,63000.0,63000.0,3,63000.0,2022,2022 H1,2022 Q1,False
398,Producción,1,2022-02,63000.0,63000.0,3,63000.0,2022,2022 H1,2022 Q1,False
399,Producción,1,2022-02,21000.0,21000.0,3,21000.0,2022,2022 H1,2022 Q1,False
400,Servicios profesionales,1,2022-02,23100.0,23100.0,3,23100.0,2022,2022 H1,2022 Q1,False
401,Retail,1,2022-02,63000.0,63000.0,3,63000.0,2022,2022 H1,2022 Q1,False
402,Tecnología,1,2022-02,42000.0,42000.0,3,42000.0,2022,2022 H1,2022 Q1,False
403,Tecnología,1,2022-02,94500.0,94500.0,3,94500.0,2022,2022 H1,2022 Q1,False
404,Tecnología,1,2022-02,56700.0,56700.0,3,0.0,2022,2022 H1,2022 Q1,False
405,Retail,1,2022-02,21000.0,21000.0,3,21000.0,2022,2022 H1,2022 Q1,False
406,Retail,1,2022-02,63000.0,63000.0,3,63000.0,2022,2022 H1,2022 Q1,False
407,Producción,1,2022-02,218400.0,109200.0,3,109200.0,2022,2022 H1,2022 Q1,False
408,Servicios profesionales,1,2022-02,157500.0,120750.0,3,0.0,2022,2022 H1,2022 Q1,False
409,Tecnología,1,2022-02,604753.8,151188.45,3,151188.45,2022,2022 H1,2022 Q1,False
410,Restaurantes,1,2022-02,198450.0,66150.0,3,66150.0,2022,2022 H1,2022 Q1,False
411,Servicios profesionales,1,2022-02,84000.0,42000.0,3,42000.0,2022,2022 H1,2022 Q1,False
412,Servicios profesionales,1,2022-02,90657.21,99507.45,3,99507.45,2022,2022 H1,2022 Q1,False
413,Tecnología,1,2022-02,447588.54,447588.54,3,666104.04,2022,2022 H1,2022 Q1,False
414,Restaurantes,1,2022-02,566732.25,188910.75,3,188910.75,2022,2022 H1,2022 Q1,False
415,Restaurantes,1,2022-02,294000.0,273000.0,3,42000.0,2022,2022 H1,2022 Q1,False
416,Restaurantes,1,2022-02,196875.0,196875.0,3,393750.0,2022,2022 H1,2022 Q1,False
417,Restaurantes,1,2022-02,283500.0,94500.0,3,94500.0,2022,2022 H1,2022 Q1,False
418,Restaurantes,1,2022-02,157500.0,78750.0,3,78750.0,2022,2022 H1,2022 Q1,False
419,Servicios profesionales,1,2022-02,31500.0,31500.0,3,0.0,2022,2022 H1,2022 Q1,False
420,Retail,1,2022-02,105000.0,52500.0,3,52500.0,2022,2022 H1,2022 Q1,False
421,Salud,1,2022-02,68215.56,34107.78,3,34107.78,2022,2022 H1,2022 Q1,False
422,Salud,1,2022-02,63000.0,63000.0,3,63000.0,2022,2022 H1,2022 Q1,False
423,Producción,1,2022-02,29400.0,22050.0,3,14700.0,2022,2022 H1,2022 Q1,False
424,Producción,1,2022-02,29400.0,14700.0,3,14700.0,2022,2022 H1,2022 Q1,False
425,Producción,1,2022-02,63000.0,63000.0,3,63000.0,2022,2022 H1,2022 Q1,False
426,Servicios profesionales,1,2022-02,210000.0,105000.0,3,105000.0,2022,2022 H1,2022 Q1,False
427,Restaurantes,1,2022-02,63000.0,63000.0,3,63000.0,2022,2022 H1,2022 Q1,False
428,Servicios profesionales,1,2022-02,151200.0,151200.0,3,151200.0,2022,2022 H1,2022 Q1,False
429,Restaurantes,1,2022-02,210000.0,105000.0,3,105000.0,2022,2022 H1,2022 Q1,False
430,Servicios profesionales,1,2022-02,31500.0,31500.0,3,31500.0,2022,2022 H1,2022 Q1,False
431,Retail,1,2022-02,168000.0,84000.0,3,84000.0,2022,2022 H1,2022 Q1,False
432,Retail,1,2022-02,126000.0,84000.0,3,0.0,2022,2022 H1,2022 Q1,False
433,Tecnología,1,2022-02,42000.0,42000.0,3,0.0,2022,2022 H1,2022 Q1,False
434,Restaurantes,1,2022-02,6300.0,6300.0,3,6300.0,2022,2022 H1,2022 Q1,False
435,Restaurantes,1,2022-02,71400.0,35700.0,3,35700.0,2022,2022 H1,2022 Q1,False
436,Tecnología,1,2022-02,52500.0,52500.0,3,52500.0,2022,2022 H1,2022 Q1,False
437,Salud,1,2022-02,73500.0,73500.0,3,73500.0,2022,2022 H1,2022 Q1,False
438,Producción,1,2022-02,67200.0,33600.0,3,33600.0,2022,2022 H1,2022 Q1,False
439,Producción,1,2022-02,189000.0,94500.0,3,94500.0,2022,2022 H1,2022 Q1,False
440,Producción,1,2022-02,25200.0,18900.0,3,0.0,2022,2022 H1,2022 Q1,False
441,Servicios profesionales,1,2022-02,63000.0,31500.0,3,31500.0,2022,2022 H1,2022 Q1,False
442,Servicios profesionales,1,2022-02,21000.0,10500.0,3,10500.0,2022,2022 H1,2022 Q1,False
443,Producción,1,2022-02,84000.0,42000.0,3,42000.0,2022,2022 H1,2022 Q1,False
444,Tecnología,1,2022-02,159169.5,159169.5,3,159169.5,2022,2022 H1,2022 Q1,False
445,Producción,1,2022-02,54302.85,54302.85,3,54302.85,2022,2022 H1,2022 Q1,False
446,Restaurantes,1,2022-02,42000.0,21000.0,3,21000.0,2022,2022 H1,2022 Q1,False
447,Tecnología,1,2022-02,105000.0,84000.0,3,84000.0,2022,2022 H1,2022 Q1,False
448,Retail,1,2022-02,42000.0,42000.0,3,42000.0,2022,2022 H1,2022 Q1,False
449,Salud,1,2022-02,79800.0,79800.0,3,159600.0,2022,2022 H1,2022 Q1,False
450,Restaurantes,1,2022-02,19740.0,94500.0,3,94500.0,2022,2022 H1,2022 Q1,False
451,Producción,1,2022-02,147000.0,110250.0,3,73500.0,2022,2022 H1,2022 Q1,False
452,Restaurantes,1,2022-02,126000.0,63000.0,3,63000.0,2022,2022 H1,2022 Q1,False
453,Restaurantes,1,2022-02,31500.0,31500.0,3,31500.0,2022,2022 H1,2022 Q1,False
454,Retail,1,2022-02,73500.0,73500.0,3,73500.0,2022,2022 H1,2022 Q1,False
455,Producción,1,2022-02,84000.0,84000.0,3,84000.0,2022,2022 H1,2022 Q1,False
456,Producción,1,2022-02,73500.0,73500.0,3,73500.0,2022,2022 H1,2022 Q1,False
457,Producción,1,2022-02,10500.0,10500.0,3,10500.0,2022,2022 H1,2022 Q1,False
458,Retail,1,2022-02,84000.0,84000.0,3,84000.0,2022,2022 H1,2022 Q1,False
459,Salud,1,2022-02,84000.0,42000.0,3,25200.0,2022,2022 H1,2022 Q1,False
460,Servicios profesionales,1,2022-02,71400.0,35700.0,3,35700.0,2022,2022 H1,2022 Q1,False
461,Restaurantes,1,2022-02,73500.0,73500.0,3,73500.0,2022,2022 H1,2022 Q1,False
462,Producción,1,2022-02,96600.0,48300.0,3,48300.0,2022,2022 H1,2022 Q1,False
463,Restaurantes,1,2022-02,84000.0,42000.0,3,42000.0,2022,2022 H1,2022 Q1,False
464,Restaurantes,1,2022-02,63000.0,63000.0,3,126000.0,2022,2022 H1,2022 Q1,False
465,Tecnología,1,2022-02,105000.0,52500.0,3,52500.0,2022,2022 H1,2022 Q1,False
466,Retail,1,2022-02,100800.0,100800.0,3,100800.0,2022,2022 H1,2022 Q1,False
467,Retail,1,2022-02,75600.0,25200.0,3,25200.0,2022,2022 H1,2022 Q1,False
468,Tecnología,1,2022-02,50400.0,16800.0,3,16800.0,2022,2022 H1,2022 Q1,False
469,Retail,1,2022-02,52500.0,52500.0,3,52500.0,2022,2022 H1,2022 Q1,False
470,Retail,1,2022-02,6300.0,6300.0,3,6300.0,2022,2022 H1,2022 Q1,False
471,Retail,1,2022-02,168000.0,84000.0,3,84000.0,2022,2022 H1,2022 Q1,False
472,Producción,1,2022-02,42000.0,42000.0,3,42000.0,2022,2022 H1,2022 Q1,False
473,Retail,1,2022-02,6300.0,6300.0,3,6300.0,2022,2022 H1,2022 Q1,False
474,Producción,1,2022-02,31500.0,31500.0,3,31500.0,2022,2022 H1,2022 Q1,False
475,Servicios profesionales,1,2022-02,42000.0,42000.0,3,42000.0,2022,2022 H1,2022 Q1,False
476,Producción,1,2022-02,134392.44,67196.22,3,67196.22,2022,2022 H1,2022 Q1,False
477,Producción,1,2022-02,42000.0,42000.0,3,42000.0,2022,2022 H1,2022 Q1,False
478,Retail,1,2022-02,73500.0,73500.0,3,73500.0,2022,2022 H1,2022 Q1,False
479,Servicios profesionales,1,2022-02,12600.0,6300.0,3,6300.0,2022,2022 H1,2022 Q1,False
480,Tecnología,1,2022-02,84000.0,42000.0,3,42000.0,2022,2022 H1,2022 Q1,False
481,Tecnología,1,2022-02,84000.0,84000.0,3,84000.0,2022,2022 H1,2022 Q1,False
482,Salud,1,2022-02,42000.0,21000.0,3,21000.0,2022,2022 H1,2022 Q1,False
483,Servicios profesionales,1,2022-02,159600.0,141225.0,3,79800.0,2022,2022 H1,2022 Q1,False
484,Retail,1,2022-02,31500.0,31500.0,3,31500.0,2022,2022 H1,2022 Q1,False
485,Producción,1,2022-02,94500.0,94500.0,3,94500.0,2022,2022 H1,2022 Q1,False
486,Restaurantes,2,2022-03,189000.0,126000.0,3,63000.0,2022,2022 H1,2022 Q1,True
487,Tecnología,2,2022-03,105000.0,105000.0,3,147000.0,2022,2022 H1,2022 Q1,True
488,Restaurantes,2,2022-03,25200.0,12600.0,3,12600.0,2022,2022 H1,2022 Q1,True
489,Producción,2,2022-03,42000.0,42000.0,3,42000.0,2022,2022 H1,2022 Q1,True
490,Restaurantes,2,2022-03,73500.0,73500.0,3,73500.0,2022,2022 H1,2022 Q1,True
491,Producción,2,2022-03,72975.0,69300.0,3,69300.0,2022,2022 H1,2022 Q1,True
492,Restaurantes,2,2022-03,42000.0,42000.0,3,42000.0,2022,2022 H1,2022 Q1,True
493,Restaurantes,2,2022-03,63000.0,63000.0,3,63000.0,2022,2022 H1,2022 Q1,True
494,Servicios profesionales,2,2022-03,105000.0,105000.0,3,0.0,2022,2022 H1,2022 Q1,True
495,Restaurantes,2,2022-03,10500.0,10500.0,3,10500.0,2022,2022 H1,2022 Q1,True
496,Producción,2,2022-03,31500.0,31500.0,3,31500.0,2022,2022 H1,2022 Q1,True
497,Restaurantes,2,2022-03,56700.0,56700.0,3,56700.0,2022,2022 H1,2022 Q1,True
498,Tecnología,2,2022-03,52500.0,52500.0,3,52500.0,2022,2022 H1,2022 Q1,True
499,Producción,2,2022-03,63000.0,63000.0,3,63000.0,2022,2022 H1,2022 Q1,True
500,Retail,2,2022-03,94500.0,94500.0,3,94500.0,2022,2022 H1,2022 Q1,True
501,Salud,2,2022-03,84000.0,84000.0,3,84000.0,2022,2022 H1,2022 Q1,True
502,Salud,2,2022-03,67200.0,67200.0,3,67200.0,2022,2022 H1,2022 Q1,True
503,Producción,2,2022-03,12600.0,12600.0,3,12600.0,2022,2022 H1,2022 Q1,True
504,Retail,2,2022-03,73500.0,42000.0,3,42000.0,2022,2022 H1,2022 Q1,True
505,Restaurantes,2,2022-03,73500.0,73500.0,3,73500.0,2022,2022 H1,2022 Q1,True
506,Producción,2,2022-03,126000.0,126000.0,3,126000.0,2022,2022 H1,2022 Q1,True
507,Producción,2,2022-03,79800.0,79800.0,3,79800.0,2022,2022 H1,2022 Q1,True
508,Retail,2,2022-03,33600.0,33600.0,3,33600.0,2022,2022 H1,2022 Q1,True
509,Retail,2,2022-03,189000.0,63000.0,3,63000.0,2022,2022 H1,2022 Q1,True
510,Tecnología,2,2022-03,63000.0,63000.0,3,63000.0,2022,2022 H1,2022 Q1,True
511,Restaurantes,2,2022-03,616913.64,514094.7,3,0.0,2022,2022 H1,2022 Q1,True
512,Restaurantes,2,2022-03,80850.0,80850.0,3,88200.0,2022,2022 H1,2022 Q1,True
513,Tecnología,2,2022-03,107100.0,35700.0,3,35700.0,2022,2022 H1,2022 Q1,True
514,Salud,2,2022-03,63000.0,63000.0,3,63000.0,2022,2022 H1,2022 Q1,True
515,Restaurantes,2,2022-03,84000.0,84000.0,3,84000.0,2022,2022 H1,2022 Q1,True
516,Tecnología,3,2022-04,2142000.0,2142000.0,3,0.0,2022,2022 H1,2022 Q2,True
517,Restaurantes,3,2022-04,42000.0,42000.0,3,42000.0,2022,2022 H1,2022 Q2,True
518,Salud,3,2022-04,42000.0,42000.0,3,42000.0,2022,2022 H1,2022 Q2,True
519,Tecnología,3,2022-04,840000.0,105000.0,3,105000.0,2022,2022 H1,2022 Q2,True
520,Retail,3,2022-04,56700.0,56700.0,3,56700.0,2022,2022 H1,2022 Q2,True
521,Producción,3,2022-04,6300.0,6300.0,3,6300.0,2022,2022 H1,2022 Q2,True
522,Restaurantes,3,2022-04,12600.0,12600.0,3,12600.0,2022,2022 H1,2022 Q2,True
523,Producción,3,2022-04,168000.0,42000.0,3,42000.0,2022,2022 H1,2022 Q2,True
524,Salud,3,2022-04,42000.0,42000.0,3,42000.0,2022,2022 H1,2022 Q2,True
525,Producción,3,2022-04,6300.0,6300.0,3,6300.0,2022,2022 H1,2022 Q2,True
526,Producción,3,2022-04,63000.0,63000.0,3,63000.0,2022,2022 H1,2022 Q2,True
527,Restaurantes,3,2022-04,6300.0,6300.0,3,6300.0,2022,2022 H1,2022 Q2,True
528,Producción,3,2022-04,168000.0,42000.0,3,42000.0,2022,2022 H1,2022 Q2,True
529,Retail,3,2022-04,178500.0,178500.0,3,178500.0,2022,2022 H1,2022 Q2,True
530,Restaurantes,3,2022-04,16800.0,25200.0,3,33600.0,2022,2022 H1,2022 Q2,True
531,Retail,3,2022-04,63000.0,126000.0,3,0.0,2022,2022 H1,2022 Q2,True
532,Retail,3,2022-04,10500.0,10500.0,3,10500.0,2022,2022 H1,2022 Q2,True
533,Restaurantes,3,2022-04,105000.0,52500.0,3,52500.0,2022,2022 H1,2022 Q2,True
534,Restaurantes,3,2022-04,6300.0,6300.0,3,6300.0,2022,2022 H1,2022 Q2,True
535,Producción,4,2022-05,330750.0,198450.0,3,66150.0,2022,2022 H1,2022 Q2,True
536,Servicios profesionales,4,2022-05,113400.0,66150.0,3,0.0,2022,2022 H1,2022 Q2,True
537,Retail,4,2022-05,61599.72,46199.79,3,30799.86,2022,2022 H1,2022 Q2,True
538,Restaurantes,4,2022-05,67200.0,50400.0,3,0.0,2022,2022 H1,2022 Q2,True
539,Producción,4,2022-05,94500.0,94500.0,3,94500.0,2022,2022 H1,2022 Q2,True
540,Servicios profesionales,4,2022-05,52500.0,10500.0,3,10500.0,2022,2022 H1,2022 Q2,True
541,Producción,4,2022-05,588000.0,42000.0,3,42000.0,2022,2022 H1,2022 Q2,True
542,Servicios profesionales,4,2022-05,52500.0,52500.0,3,0.0,2022,2022 H1,2022 Q2,True
543,Restaurantes,4,2022-05,976500.0,976500.0,3,0.0,2022,2022 H1,2022 Q2,True
544,Restaurantes,4,2022-05,42000.0,42000.0,3,0.0,2022,2022 H1,2022 Q2,True
545,Tecnología,4,2022-05,31500.0,31500.0,3,31500.0,2022,2022 H1,2022 Q2,True
546,Restaurantes,4,2022-05,73500.0,73500.0,3,73500.0,2022,2022 H1,2022 Q2,True
547,Restaurantes,4,2022-05,21000.0,21000.0,3,21000.0,2022,2022 H1,2022 Q2,True
548,Producción,4,2022-05,68250.0,68250.0,3,68250.0,2022,2022 H1,2022 Q2,True
549,Restaurantes,4,2022-05,31500.0,31500.0,3,31500.0,2022,2022 H1,2022 Q2,True
550,Restaurantes,4,2022-05,63000.0,63000.0,3,63000.0,2022,2022 H1,2022 Q2,True
551,Tecnología,4,2022-05,73500.0,73500.0,3,73500.0,2022,2022 H1,2022 Q2,True
552,Restaurantes,4,2022-05,63000.0,63000.0,3,63000.0,2022,2022 H1,2022 Q2,True
553,Restaurantes,4,2022-05,63000.0,63000.0,3,63000.0,2022,2022 H1,2022 Q2,True
554,Producción,4,2022-05,94500.0,94500.0,3,94500.0,2022,2022 H1,2022 Q2,True
555,Retail,4,2022-05,84000.0,84000.0,3,84000.0,2022,2022 H1,2022 Q2,True
556,Retail,4,2022-05,168000.0,283500.0,3,0.0,2022,2022 H1,2022 Q2,True
557,Tecnología,4,2022-05,52500.0,52500.0,3,52500.0,2022,2022 H1,2022 Q2,True
558,Tecnología,4,2022-05,52500.0,52500.0,3,52500.0,2022,2022 H1,2022 Q2,True
559,Retail,4,2022-05,63000.0,63000.0,3,63000.0,2022,2022 H1,2022 Q2,True
560,Salud,4,2022-05,73500.0,73500.0,3,73500.0,2022,2022 H1,2022 Q2,True
561,Producción,4,2022-05,42000.0,42000.0,3,42000.0,2022,2022 H1,2022 Q2,True
562,Restaurantes,4,2022-05,42000.0,42000.0,3,42000.0,2022,2022 H1,2022 Q2,True
563,Producción,4,2022-05,94500.0,94500.0,3,94500.0,2022,2022 H1,2022 Q2,True
564,Producción,4,2022-05,63000.0,63000.0,3,63000.0,2022,2022 H1,2022 Q2,True
565,Retail,4,2022-05,6300.0,6300.0,3,6300.0,2022,2022 H1,2022 Q2,True
566,Retail,4,2022-05,63000.0,63000.0,3,63000.0,2022,2022 H1,2022 Q2,True
567,Retail,4,2022-05,115500.0,115500.0,3,115500.0,2022,2022 H1,2022 Q2,True
568,Salud,4,2022-05,80850.0,80850.0,3,80850.0,2022,2022 H1,2022 Q2,True
569,Restaurantes,4,2022-05,37800.0,37800.0,3,0.0,2022,2022 H1,2022 Q2,True
570,Retail,4,2022-05,1835253.42,83420.61,3,83420.61,2022,2022 H1,2022 Q2,True
571,Tecnología,4,2022-05,27300.0,27300.0,3,27300.0,2022,2022 H1,2022 Q2,True
572,Producción,4,2022-05,31500.0,31500.0,3,0.0,2022,2022 H1,2022 Q2,True
573,Salud,5,2022-06,105000.0,105000.0,3,168000.0,2022,2022 H1,2022 Q2,True
574,Producción,5,2022-06,6300.0,6300.0,3,6300.0,2022,2022 H1,2022 Q2,True
575,Retail,5,2022-06,104649.93,104649.93,3,104649.93,2022,2022 H1,2022 Q2,True
576,Restaurantes,5,2022-06,94500.0,94500.0,3,94500.0,2022,2022 H1,2022 Q2,True
577,Producción,5,2022-06,558600.0,69825.0,3,69825.0,2022,2022 H1,2022 Q2,True
578,Retail,5,2022-06,6300.0,6300.0,3,6300.0,2022,2022 H1,2022 Q2,True
579,Restaurantes,5,2022-06,6300.0,6300.0,3,6300.0,2022,2022 H1,2022 Q2,True
580,Retail,5,2022-06,6300.0,6300.0,3,6300.0,2022,2022 H1,2022 Q2,True
581,Producción,5,2022-06,23100.0,23100.0,3,23100.0,2022,2022 H1,2022 Q2,True
582,Retail,5,2022-06,6300.0,6300.0,3,6300.0,2022,2022 H1,2022 Q2,True
583,Restaurantes,5,2022-06,12600.0,12600.0,3,12600.0,2022,2022 H1,2022 Q2,True
584,Producción,5,2022-06,6300.0,6300.0,3,6300.0,2022,2022 H1,2022 Q2,True
585,Restaurantes,5,2022-06,42000.0,42000.0,3,42000.0,2022,2022 H1,2022 Q2,True
586,Retail,5,2022-06,63000.0,21000.0,3,21000.0,2022,2022 H1,2022 Q2,True
587,Producción,5,2022-06,147000.0,14700.0,3,14700.0,2022,2022 H1,2022 Q2,True
588,Retail,5,2022-06,58800.0,14700.0,3,14700.0,2022,2022 H1,2022 Q2,True
589,Producción,5,2022-06,27300.0,27300.0,3,27300.0,2022,2022 H1,2022 Q2,True
590,Tecnología,5,2022-06,15750.0,15750.0,3,15750.0,2022,2022 H1,2022 Q2,True
591,Salud,5,2022-06,42000.0,42000.0,3,42000.0,2022,2022 H1,2022 Q2,True
592,Restaurantes,5,2022-06,105000.0,105000.0,3,105000.0,2022,2022 H1,2022 Q2,True
593,Tecnología,5,2022-06,63000.0,63000.0,3,63000.0,2022,2022 H1,2022 Q2,True
594,Producción,5,2022-06,94500.0,94500.0,3,94500.0,2022,2022 H1,2022 Q2,True
595,Producción,5,2022-06,73500.0,73500.0,3,73500.0,2022,2022 H1,2022 Q2,True
596,Restaurantes,5,2022-06,42000.0,42000.0,3,42000.0,2022,2022 H1,2022 Q2,True
597,Restaurantes,5,2022-06,67200.0,67200.0,3,67200.0,2022,2022 H1,2022 Q2,True
598,Producción,5,2022-06,31500.0,31500.0,3,31500.0,2022,2022 H1,2022 Q2,True
599,Producción,5,2022-06,63000.0,63000.0,3,63000.0,2022,2022 H1,2022 Q2,True
600,Tecnología,5,2022-06,63000.0,63000.0,3,63000.0,2022,2022 H1,2022 Q2,True
601,Tecnología,5,2022-06,42000.0,42000.0,3,42000.0,2022,2022 H1,2022 Q2,True
602,Producción,5,2022-06,67200.0,67200.0,3,67200.0,2022,2022 H1,2022 Q2,True
603,Tecnología,5,2022-06,63000.0,63000.0,3,63000.0,2022,2022 H1,2022 Q2,True
604,Salud,5,2022-06,42000.0,42000.0,3,42000.0,2022,2022 H1,2022 Q2,True
605,Tecnología,5,2022-06,525000.0,105000.0,3,105000.0,2022,2022 H1,2022 Q2,True
606,Restaurantes,6,2022-07,168000.0,105000.0,3,105000.0,2022,2022 H2,2022 Q3,True
607,Producción,6,2022-07,911288.07,101254.23,3,101254.23,2022,2022 H2,2022 Q3,True
608,Salud,6,2022-07,26250.0,26250.0,3,26250.0,2022,2022 H2,2022 Q3,True
609,Producción,6,2022-07,14700.0,14700.0,3,14700.0,2022,2022 H2,2022 Q3,True
610,Servicios profesionales,6,2022-07,63000.0,63000.0,3,63000.0,2022,2022 H2,2022 Q3,True
611,Salud,6,2022-07,42000.0,42000.0,3,42000.0,2022,2022 H2,2022 Q3,True
612,Retail,6,2022-07,6300.0,6300.0,3,6300.0,2022,2022 H2,2022 Q3,True
613,Producción,6,2022-07,63000.0,63000.0,3,63000.0,2022,2022 H2,2022 Q3,True
614,Restaurantes,6,2022-07,67200.0,67200.0,3,67200.0,2022,2022 H2,2022 Q3,True
615,Restaurantes,6,2022-07,945000.0,945000.0,3,0.0,2022,2022 H2,2022 Q3,True
616,Producción,6,2022-07,84000.0,84000.0,3,84000.0,2022,2022 H2,2022 Q3,True
617,Servicios profesionales,6,2022-07,42000.0,42000.0,3,42000.0,2022,2022 H2,2022 Q3,True
618,Tecnología,6,2022-07,44100.0,105890.4,3,803023.2,2022,2022 H2,2022 Q3,True
619,Producción,6,2022-07,44100.0,6300.0,3,6300.0,2022,2022 H2,2022 Q3,True
620,Retail,6,2022-07,567000.0,567000.0,3,0.0,2022,2022 H2,2022 Q3,True
621,Tecnología,6,2022-07,241500.0,241500.0,3,0.0,2022,2022 H2,2022 Q3,True
622,Producción,6,2022-07,63000.0,63000.0,3,63000.0,2022,2022 H2,2022 Q3,True
623,Servicios profesionales,6,2022-07,178500.0,178500.0,3,178500.0,2022,2022 H2,2022 Q3,True
624,Retail,6,2022-07,6300.0,6300.0,3,6300.0,2022,2022 H2,2022 Q3,True
625,Retail,6,2022-07,6300.0,6300.0,3,6300.0,2022,2022 H2,2022 Q3,True
626,Producción,6,2022-07,147000.0,36750.0,3,36750.0,2022,2022 H2,2022 Q3,True
627,Retail,6,2022-07,6300.0,6300.0,3,6300.0,2022,2022 H2,2022 Q3,True
628,Tecnología,6,2022-07,42000.0,42000.0,3,42000.0,2022,2022 H2,2022 Q3,True
629,Retail,6,2022-07,94500.0,94500.0,3,94500.0,2022,2022 H2,2022 Q3,True
630,Restaurantes,6,2022-07,88200.0,88200.0,3,88200.0,2022,2022 H2,2022 Q3,True
631,Producción,6,2022-07,21000.0,21000.0,3,21000.0,2022,2022 H2,2022 Q3,True
632,Restaurantes,6,2022-07,16800.0,16800.0,3,16800.0,2022,2022 H2,2022 Q3,True
633,Restaurantes,6,2022-07,84000.0,84000.0,3,84000.0,2022,2022 H2,2022 Q3,True
634,Restaurantes,6,2022-07,29400.0,29400.0,3,29400.0,2022,2022 H2,2022 Q3,True
635,Servicios profesionales,6,2022-07,58800.0,58800.0,3,58800.0,2022,2022 H2,2022 Q3,True
636,Retail,6,2022-07,126000.0,63000.0,3,63000.0,2022,2022 H2,2022 Q3,True
637,Restaurantes,6,2022-07,1186500.0,771750.0,3,0.0,2022,2022 H2,2022 Q3,True
638,Tecnología,7,2022-08,630000.0,63000.0,3,63000.0,2022,2022 H2,2022 Q3,True
639,Servicios profesionales,7,2022-08,33600.0,33600.0,3,33600.0,2022,2022 H2,2022 Q3,True
640,Restaurantes,7,2022-08,46200.0,46200.0,3,46200.0,2022,2022 H2,2022 Q3,True
641,Restaurantes,7,2022-08,189000.0,189000.0,3,189000.0,2022,2022 H2,2022 Q3,True
642,Servicios profesionales,7,2022-08,136500.0,73500.0,3,73500.0,2022,2022 H2,2022 Q3,True
643,Servicios profesionales,7,2022-08,15750.0,15750.0,3,15750.0,2022,2022 H2,2022 Q3,True
644,Producción,7,2022-08,15750.0,15750.0,3,15750.0,2022,2022 H2,2022 Q3,True
645,Restaurantes,7,2022-08,37800.0,37800.0,3,37800.0,2022,2022 H2,2022 Q3,True
646,Producción,7,2022-08,123900.0,60900.0,3,60900.0,2022,2022 H2,2022 Q3,True
647,Restaurantes,7,2022-08,378000.0,31500.0,3,31500.0,2022,2022 H2,2022 Q3,True
648,Retail,7,2022-08,115500.0,115500.0,3,115500.0,2022,2022 H2,2022 Q3,True
649,Tecnología,7,2022-08,12600.0,12600.0,3,12600.0,2022,2022 H2,2022 Q3,True
650,Retail,7,2022-08,21000.0,21000.0,3,21000.0,2022,2022 H2,2022 Q3,True
651,Producción,7,2022-08,79800.0,79800.0,3,79800.0,2022,2022 H2,2022 Q3,True
652,Retail,7,2022-08,19950.0,19950.0,3,19950.0,2022,2022 H2,2022 Q3,True
653,Tecnología,7,2022-08,84000.0,84000.0,3,84000.0,2022,2022 H2,2022 Q3,True
654,Salud,7,2022-08,63000.0,63000.0,3,63000.0,2022,2022 H2,2022 Q3,True
655,Producción,7,2022-08,52500.0,52500.0,3,52500.0,2022,2022 H2,2022 Q3,True
656,Salud,7,2022-08,105000.0,105000.0,3,105000.0,2022,2022 H2,2022 Q3,True
657,Restaurantes,7,2022-08,105000.0,105000.0,3,105000.0,2022,2022 H2,2022 Q3,True
658,Restaurantes,7,2022-08,63000.0,63000.0,3,63000.0,2022,2022 H2,2022 Q3,True
659,Producción,7,2022-08,63000.0,63000.0,3,63000.0,2022,2022 H2,2022 Q3,True
660,Producción,7,2022-08,31500.0,31500.0,3,31500.0,2022,2022 H2,2022 Q3,True
661,Restaurantes,7,2022-08,42000.0,42000.0,3,42000.0,2022,2022 H2,2022 Q3,True
662,Retail,7,2022-08,79800.0,79800.0,3,79800.0,2022,2022 H2,2022 Q3,True
663,Producción,7,2022-08,9471.0,9471.0,3,9471.0,2022,2022 H2,2022 Q3,True
664,Producción,8,2022-09,170100.0,69300.0,3,69300.0,2022,2022 H2,2022 Q3,True
665,Retail,8,2022-09,39900.0,8400.0,3,8400.0,2022,2022 H2,2022 Q3,True
666,Producción,8,2022-09,42000.0,42000.0,3,42000.0,2022,2022 H2,2022 Q3,True
667,Retail,8,2022-09,42000.0,42000.0,3,42000.0,2022,2022 H2,2022 Q3,True
668,Restaurantes,8,2022-09,63000.0,36750.0,3,10500.0,2022,2022 H2,2022 Q3,True
669,Restaurantes,8,2022-09,63000.0,36750.0,3,10500.0,2022,2022 H2,2022 Q3,True
670,Servicios profesionales,8,2022-09,63000.0,36750.0,3,10500.0,2022,2022 H2,2022 Q3,True
671,Tecnología,8,2022-09,462000.0,257250.0,3,52500.0,2022,2022 H2,2022 Q3,True
672,Servicios profesionales,8,2022-09,29400.0,29400.0,3,29400.0,2022,2022 H2,2022 Q3,True
673,Retail,8,2022-09,52500.0,52500.0,3,52500.0,2022,2022 H2,2022 Q3,True
674,Restaurantes,8,2022-09,94500.0,94500.0,3,94500.0,2022,2022 H2,2022 Q3,True
675,Producción,8,2022-09,42000.0,42000.0,3,42000.0,2022,2022 H2,2022 Q3,True
676,Restaurantes,8,2022-09,43050.0,43050.0,3,43050.0,2022,2022 H2,2022 Q3,True
677,Retail,8,2022-09,27300.0,27300.0,3,27300.0,2022,2022 H2,2022 Q3,True
678,Producción,8,2022-09,63000.0,63000.0,3,63000.0,2022,2022 H2,2022 Q3,True
679,Tecnología,8,2022-09,39900.0,39900.0,3,39900.0,2022,2022 H2,2022 Q3,True
680,Retail,8,2022-09,10500.0,10500.0,3,10500.0,2022,2022 H2,2022 Q3,True
681,Tecnología,9,2022-10,67200.0,67200.0,3,67200.0,2022,2022 H2,2022 Q4,True
682,Restaurantes,9,2022-10,119700.0,67200.0,3,67200.0,2022,2022 H2,2022 Q4,True
683,Producción,9,2022-10,79800.0,79800.0,3,79800.0,2022,2022 H2,2022 Q4,True
684,Salud,9,2022-10,105000.0,105000.0,3,105000.0,2022,2022 H2,2022 Q4,True
685,Restaurantes,9,2022-10,115500.0,115500.0,3,115500.0,2022,2022 H2,2022 Q4,True
686,Restaurantes,9,2022-10,105000.0,105000.0,3,105000.0,2022,2022 H2,2022 Q4,True
687,Salud,9,2022-10,31500.0,31500.0,3,31500.0,2022,2022 H2,2022 Q4,True
688,Restaurantes,9,2022-10,38850.0,38850.0,3,38850.0,2022,2022 H2,2022 Q4,True
689,Restaurantes,9,2022-10,378000.0,42000.0,3,42000.0,2022,2022 H2,2022 Q4,True
690,Restaurantes,9,2022-10,26250.0,26250.0,3,26250.0,2022,2022 H2,2022 Q4,True
691,Producción,9,2022-10,69300.0,69300.0,3,69300.0,2022,2022 H2,2022 Q4,True
692,Retail,9,2022-10,66150.0,66150.0,3,66150.0,2022,2022 H2,2022 Q4,True
693,Tecnología,9,2022-10,94500.0,94500.0,3,94500.0,2022,2022 H2,2022 Q4,True
694,Restaurantes,9,2022-10,108150.0,108150.0,3,108150.0,2022,2022 H2,2022 Q4,True
695,Producción,9,2022-10,67200.0,67200.0,3,67200.0,2022,2022 H2,2022 Q4,True
696,Retail,9,2022-10,21000.0,21000.0,3,21000.0,2022,2022 H2,2022 Q4,True
697,Producción,9,2022-10,47250.0,47250.0,3,47250.0,2022,2022 H2,2022 Q4,True
698,Salud,9,2022-10,57750.0,57750.0,3,57750.0,2022,2022 H2,2022 Q4,True
699,Retail,9,2022-10,16800.0,16800.0,3,16800.0,2022,2022 H2,2022 Q4,True
700,Producción,9,2022-10,63000.0,63000.0,3,63000.0,2022,2022 H2,2022 Q4,True
701,Retail,9,2022-10,25200.0,25200.0,3,25200.0,2022,2022 H2,2022 Q4,True
702,Salud,9,2022-10,31500.0,31500.0,3,31500.0,2022,2022 H2,2022 Q4,True
703,Salud,9,2022-10,42000.0,42000.0,3,42000.0,2022,2022 H2,2022 Q4,True
704,Tecnología,9,2022-10,63000.0,63000.0,3,63000.0,2022,2022 H2,2022 Q4,True
705,Restaurantes,9,2022-10,18900.0,18900.0,3,18900.0,2022,2022 H2,2022 Q4,True
706,Producción,9,2022-10,63000.0,63000.0,3,63000.0,2022,2022 H2,2022 Q4,True
707,Producción,9,2022-10,42000.0,42000.0,3,42000.0,2022,2022 H2,2022 Q4,True
708,Tecnología,9,2022-10,94500.0,94500.0,3,94500.0,2022,2022 H2,2022 Q4,True
709,Restaurantes,9,2022-10,42000.0,42000.0,3,48720.0,2022,2022 H2,2022 Q4,True
710,Tecnología,9,2022-10,73500.0,73500.0,3,73500.0,2022,2022 H2,2022 Q4,True
711,Retail,9,2022-10,21000.0,21000.0,3,21000.0,2022,2022 H2,2022 Q4,True
712,Producción,9,2022-10,57750.0,57750.0,3,0.0,2022,2022 H2,2022 Q4,True
713,Producción,10,2022-11,49350.0,42000.0,3,42000.0,2022,2022 H2,2022 Q4,True
714,Tecnología,10,2022-11,105000.0,105000.0,3,105000.0,2022,2022 H2,2022 Q4,True
715,Salud,10,2022-11,84000.0,84000.0,3,84000.0,2022,2022 H2,2022 Q4,True
716,Producción,10,2022-11,21000.0,21000.0,3,21000.0,2022,2022 H2,2022 Q4,True
717,Retail,10,2022-11,15750.0,15750.0,3,15750.0,2022,2022 H2,2022 Q4,True
718,Servicios profesionales,10,2022-11,84000.0,84000.0,3,84000.0,2022,2022 H2,2022 Q4,True
719,Restaurantes,10,2022-11,262500.0,262500.0,3,262500.0,2022,2022 H2,2022 Q4,True
720,Producción,10,2022-11,46200.0,46200.0,3,46200.0,2022,2022 H2,2022 Q4,True
721,Servicios profesionales,10,2022-11,63000.0,63000.0,3,63000.0,2022,2022 H2,2022 Q4,True
722,Restaurantes,10,2022-11,64050.0,64050.0,3,64050.0,2022,2022 H2,2022 Q4,True
723,Restaurantes,10,2022-11,105000.0,105000.0,3,105000.0,2022,2022 H2,2022 Q4,True
724,Producción,10,2022-11,14700.0,14700.0,3,14700.0,2022,2022 H2,2022 Q4,True
725,Restaurantes,10,2022-11,88200.0,88200.0,3,88200.0,2022,2022 H2,2022 Q4,True
726,Servicios profesionales,10,2022-11,163275.0,163275.0,3,163275.0,2022,2022 H2,2022 Q4,True
727,Tecnología,10,2022-11,105000.0,63000.0,3,63000.0,2022,2022 H2,2022 Q4,True
728,Producción,10,2022-11,25200.0,25200.0,3,25200.0,2022,2022 H2,2022 Q4,True
729,Restaurantes,10,2022-11,73500.0,73500.0,3,73500.0,2022,2022 H2,2022 Q4,True
730,Retail,10,2022-11,21000.0,21000.0,3,21000.0,2022,2022 H2,2022 Q4,True
731,Salud,10,2022-11,84000.0,84000.0,3,84000.0,2022,2022 H2,2022 Q4,True
732,Restaurantes,11,2022-12,2016000.0,73500.0,3,73500.0,2022,2022 H2,2022 Q4,True
733,Tecnología,11,2022-12,669648.0,669648.0,3,0.0,2022,2022 H2,2022 Q4,True
734,Producción,11,2022-12,63000.0,63000.0,3,0.0,2022,2022 H2,2022 Q4,True
735,Servicios profesionales,11,2022-12,105000.0,105000.0,3,105000.0,2022,2022 H2,2022 Q4,True
736,Restaurantes,11,2022-12,277200.0,277200.0,3,0.0,2022,2022 H2,2022 Q4,True
737,Restaurantes,11,2022-12,546000.0,546000.0,3,0.0,2022,2022 H2,2022 Q4,True
738,Producción,11,2022-12,75600.0,33600.0,3,33600.0,2022,2022 H2,2022 Q4,True
739,Restaurantes,11,2022-12,798000.0,42000.0,3,42000.0,2022,2022 H2,2022 Q4,True
740,Restaurantes,11,2022-12,803628.0,803628.0,3,0.0,2022,2022 H2,2022 Q4,True
741,Tecnología,11,2022-12,24570.0,24570.0,3,24570.0,2022,2022 H2,2022 Q4,True
742,Producción,11,2022-12,90720.0,90720.0,3,90720.0,2022,2022 H2,2022 Q4,True
743,Retail,11,2022-12,35700.0,35700.0,3,35700.0,2022,2022 H2,2022 Q4,True
744,Restaurantes,11,2022-12,243600.0,60900.0,3,60900.0,2022,2022 H2,2022 Q4,True
745,Tecnología,11,2022-12,79800.0,79800.0,3,79800.0,2022,2022 H2,2022 Q4,True
746,Retail,11,2022-12,84000.0,84000.0,3,84000.0,2022,2022 H2,2022 Q4,True
747,Tecnología,11,2022-12,36750.0,36750.0,3,36750.0,2022,2022 H2,2022 Q4,True
748,Restaurantes,11,2022-12,60900.0,60900.0,3,60900.0,2022,2022 H2,2022 Q4,True
749,Restaurantes,11,2022-12,37800.0,37800.0,3,37800.0,2022,2022 H2,2022 Q4,True
750,Retail,11,2022-12,50400.0,50400.0,3,50400.0,2022,2022 H2,2022 Q4,True
751,Producción,11,2022-12,63000.0,63000.0,3,63000.0,2022,2022 H2,2022 Q4,True
752,Restaurantes,11,2022-12,102900.0,102900.0,3,102900.0,2022,2022 H2,2022 Q4,True
753,Restaurantes,11,2022-12,52500.0,52500.0,3,52500.0,2022,2022 H2,2022 Q4,True
754,Producción,11,2022-12,33600.0,33600.0,3,33600.0,2022,2022 H2,2022 Q4,True
755,Retail,11,2022-12,31500.0,31500.0,3,31500.0,2022,2022 H2,2022 Q4,True
756,Producción,11,2022-12,84000.0,84000.0,3,84000.0,2022,2022 H2,2022 Q4,True
757,Tecnología,11,2022-12,103425.0,84000.0,3,84000.0,2022,2022 H2,2022 Q4,True
758,Restaurantes,12,2023-01,6300.0,6300.0,3,6300.0,2023,2023 H1,2023 Q1,True
759,Producción,12,2023-01,1150506.0,322081.2,3,322081.2,2023,2023 H1,2023 Q1,True
760,Restaurantes,12,2023-01,42000.0,42000.0,3,42000.0,2023,2023 H1,2023 Q1,True
761,Tecnología,12,2023-01,54810.0,54810.0,3,54810.0,2023,2023 H1,2023 Q1,True
762,Restaurantes,12,2023-01,6300.0,6300.0,3,6300.0,2023,2023 H1,2023 Q1,True
763,Tecnología,12,2023-01,73500.0,73500.0,3,73500.0,2023,2023 H1,2023 Q1,True
764,Servicios profesionales,12,2023-01,23100.0,23100.0,3,23100.0,2023,2023 H1,2023 Q1,True
765,Producción,12,2023-01,63000.0,63000.0,3,63000.0,2023,2023 H1,2023 Q1,True
766,Salud,12,2023-01,35700.0,35700.0,3,35700.0,2023,2023 H1,2023 Q1,True
767,Producción,12,2023-01,110250.0,110250.0,3,110250.0,2023,2023 H1,2023 Q1,True
768,Servicios profesionales,12,2023-01,6300.0,6300.0,3,6300.0,2023,2023 H1,2023 Q1,True
769,Retail,12,2023-01,6300.0,6300.0,3,6300.0,2023,2023 H1,2023 Q1,True
770,Servicios profesionales,12,2023-01,13965.0,13965.0,3,13965.0,2023,2023 H1,2023 Q1,True
771,Retail,12,2023-01,14700.0,14700.0,3,14700.0,2023,2023 H1,2023 Q1,True
772,Producción,12,2023-01,42000.0,42000.0,3,42000.0,2023,2023 H1,2023 Q1,True
773,Tecnología,12,2023-01,27300.0,27300.0,3,27300.0,2023,2023 H1,2023 Q1,True
774,Restaurantes,12,2023-01,42000.0,42000.0,3,42000.0,2023,2023 H1,2023 Q1,True
775,Producción,12,2023-01,73500.0,73500.0,3,73500.0,2023,2023 H1,2023 Q1,True
776,Producción,12,2023-01,25200.0,25200.0,3,25200.0,2023,2023 H1,2023 Q1,True
777,Tecnología,12,2023-01,63000.0,63000.0,3,63000.0,2023,2023 H1,2023 Q1,True
778,Retail,12,2023-01,18900.0,18900.0,3,18900.0,2023,2023 H1,2023 Q1,True
779,Retail,12,2023-01,47250.0,47250.0,3,47250.0,2023,2023 H1,2023 Q1,True
780,Retail,12,2023-01,48300.0,48300.0,3,48300.0,2023,2023 H1,2023 Q1,True
781,Retail,12,2023-01,21000.0,21000.0,3,21000.0,2023,2023 H1,2023 Q1,True
782,Restaurantes,12,2023-01,31500.0,31500.0,3,31500.0,2023,2023 H1,2023 Q1,True
783,Producción,12,2023-01,42000.0,42000.0,3,42000.0,2023,2023 H1,2023 Q1,True
784,Producción,12,2023-01,119700.0,25200.0,3,25200.0,2023,2023 H1,2023 Q1,True
785,Retail,12,2023-01,26250.0,26250.0,3,26250.0,2023,2023 H1,2023 Q1,True
786,Restaurantes,12,2023-01,21000.0,21000.0,3,21000.0,2023,2023 H1,2023 Q1,True
787,Salud,12,2023-01,30450.0,30450.0,3,30450.0,2023,2023 H1,2023 Q1,True
788,Tecnología,12,2023-01,18900.0,42000.0,3,42000.0,2023,2023 H1,2023 Q1,True
789,Restaurantes,12,2023-01,31500.0,31500.0,3,31500.0,2023,2023 H1,2023 Q1,True
790,Producción,12,2023-01,52500.0,52500.0,3,52500.0,2023,2023 H1,2023 Q1,True
791,Retail,12,2023-01,21000.0,21000.0,3,21000.0,2023,2023 H1,2023 Q1,True
792,Servicios profesionales,12,2023-01,73500.0,73500.0,3,73500.0,2023,2023 H1,2023 Q1,True
793,Retail,12,2023-01,25200.0,25200.0,3,25200.0,2023,2023 H1,2023 Q1,True
794,Retail,12,2023-01,12600.0,12600.0,3,12600.0,2023,2023 H1,2023 Q1,True
795,Producción,12,2023-01,64050.0,64050.0,3,64050.0,2023,2023 H1,2023 Q1,True
796,Restaurantes,12,2023-01,42000.0,42000.0,3,42000.0,2023,2023 H1,2023 Q1,True
797,Tecnología,12,2023-01,63000.0,63000.0,3,63000.0,2023,2023 H1,2023 Q1,True
798,Producción,12,2023-01,84000.0,84000.0,3,84000.0,2023,2023 H1,2023 Q1,True
799,Retail,12,2023-01,84000.0,84000.0,3,84000.0,2023,2023 H1,2023 Q1,True
800,Restaurantes,12,2023-01,42000.0,42000.0,3,42000.0,2023,2023 H1,2023 Q1,True
801,Retail,12,2023-01,52500.0,52500.0,3,52500.0,2023,2023 H1,2023 Q1,True
802,Restaurantes,12,2023-01,42000.0,42000.0,3,42000.0,2023,2023 H1,2023 Q1,True
803,Retail,12,2023-01,42000.0,42000.0,3,42000.0,2023,2023 H1,2023 Q1,True
804,Producción,12,2023-01,58800.0,58800.0,3,58800.0,2023,2023 H1,2023 Q1,True
805,Producción,12,2023-01,42000.0,42000.0,3,42000.0,2023,2023 H1,2023 Q1,True
806,Restaurantes,12,2023-01,63000.0,63000.0,3,63000.0,2023,2023 H1,2023 Q1,True
807,Retail,12,2023-01,42000.0,42000.0,3,42000.0,2023,2023 H1,2023 Q1,True
808,Restaurantes,12,2023-01,78750.0,78750.0,3,78750.0,2023,2023 H1,2023 Q1,True
809,Tecnología,12,2023-01,52500.0,52500.0,3,52500.0,2023,2023 H1,2023 Q1,True
810,Producción,12,2023-01,56700.0,56700.0,3,56700.0,2023,2023 H1,2023 Q1,True
811,Restaurantes,12,2023-01,37800.0,37800.0,3,37800.0,2023,2023 H1,2023 Q1,True
812,Tecnología,12,2023-01,42000.0,42000.0,3,42000.0,2023,2023 H1,2023 Q1,True
813,Retail,12,2023-01,25200.0,25200.0,3,25200.0,2023,2023 H1,2023 Q1,True
814,Restaurantes,12,2023-01,6300.0,6300.0,3,6300.0,2023,2023 H1,2023 Q1,True
815,Producción,12,2023-01,52500.0,52500.0,3,52500.0,2023,2023 H1,2023 Q1,True
816,Restaurantes,12,2023-01,42000.0,42000.0,3,42000.0,2023,2023 H1,2023 Q1,True
817,Producción,12,2023-01,56700.0,56700.0,3,56700.0,2023,2023 H1,2023 Q1,True
818,Servicios profesionales,13,2023-02,12600.0,12600.0,3,12600.0,2023,2023 H1,2023 Q1,True
819,Servicios profesionales,13,2023-02,11760.0,11760.0,3,11760.0,2023,2023 H1,2023 Q1,True
820,Retail,13,2023-02,31500.0,31500.0,3,31500.0,2023,2023 H1,2023 Q1,True
821,Restaurantes,13,2023-02,136500.0,136500.0,3,136500.0,2023,2023 H1,2023 Q1,True
822,Producción,13,2023-02,11760.0,11760.0,3,11760.0,2023,2023 H1,2023 Q1,True
823,Restaurantes,13,2023-02,42000.0,42000.0,3,42000.0,2023,2023 H1,2023 Q1,True
824,Retail,13,2023-02,73500.0,73500.0,3,73500.0,2023,2023 H1,2023 Q1,True
825,Salud,13,2023-02,31500.0,31500.0,3,31500.0,2023,2023 H1,2023 Q1,True
826,Servicios profesionales,13,2023-02,23520.0,23520.0,3,23520.0,2023,2023 H1,2023 Q1,True
827,Retail,13,2023-02,11760.0,11760.0,3,11760.0,2023,2023 H1,2023 Q1,True
828,Producción,13,2023-02,63000.0,63000.0,3,63000.0,2023,2023 H1,2023 Q1,True
829,Restaurantes,13,2023-02,84000.0,84000.0,3,84000.0,2023,2023 H1,2023 Q1,True
830,Retail,13,2023-02,42000.0,42000.0,3,42000.0,2023,2023 H1,2023 Q1,True
831,Retail,13,2023-02,84000.0,84000.0,3,84000.0,2023,2023 H1,2023 Q1,True
832,Producción,13,2023-02,36750.0,36750.0,3,36750.0,2023,2023 H1,2023 Q1,True
833,Restaurantes,13,2023-02,46200.0,46200.0,3,46200.0,2023,2023 H1,2023 Q1,True
834,Salud,13,2023-02,67200.0,67200.0,3,67200.0,2023,2023 H1,2023 Q1,True
835,Restaurantes,13,2023-02,73500.0,73500.0,3,73500.0,2023,2023 H1,2023 Q1,True
836,Salud,13,2023-02,48300.0,48300.0,3,48300.0,2023,2023 H1,2023 Q1,True
837,Producción,13,2023-02,105000.0,63000.0,3,63000.0,2023,2023 H1,2023 Q1,True
838,Tecnología,13,2023-02,59850.0,59850.0,3,59850.0,2023,2023 H1,2023 Q1,True
839,Servicios profesionales,13,2023-02,42000.0,42000.0,3,42000.0,2023,2023 H1,2023 Q1,True
840,Restaurantes,13,2023-02,12600.0,12600.0,3,12600.0,2023,2023 H1,2023 Q1,True
841,Tecnología,13,2023-02,63000.0,63000.0,3,63000.0,2023,2023 H1,2023 Q1,True
842,Restaurantes,13,2023-02,136500.0,136500.0,3,136500.0,2023,2023 H1,2023 Q1,True
843,Retail,13,2023-02,14490.0,14490.0,3,14490.0,2023,2023 H1,2023 Q1,True
844,Producción,13,2023-02,42000.0,42000.0,3,42000.0,2023,2023 H1,2023 Q1,True
845,Retail,13,2023-02,63000.0,63000.0,3,63000.0,2023,2023 H1,2023 Q1,True
846,Tecnología,13,2023-02,147000.0,147000.0,3,0.0,2023,2023 H1,2023 Q1,True
847,Producción,13,2023-02,25200.0,12600.0,3,12600.0,2023,2023 H1,2023 Q1,True
848,Retail,14,2023-03,6300.0,6300.0,3,6300.0,2023,2023 H1,2023 Q1,True
849,Retail,14,2023-03,12600.0,9450.0,3,6300.0,2023,2023 H1,2023 Q1,True
850,Producción,14,2023-03,6300.0,6300.0,3,6300.0,2023,2023 H1,2023 Q1,True
851,Restaurantes,14,2023-03,6300.0,6300.0,3,6300.0,2023,2023 H1,2023 Q1,True
852,Retail,14,2023-03,6300.0,6300.0,3,6300.0,2023,2023 H1,2023 Q1,True
853,Servicios profesionales,14,2023-03,6300.0,6300.0,3,6300.0,2023,2023 H1,2023 Q1,True
854,Producción,14,2023-03,6300.0,6300.0,3,6300.0,2023,2023 H1,2023 Q1,True
855,Producción,14,2023-03,6300.0,6300.0,3,6300.0,2023,2023 H1,2023 Q1,True
856,Restaurantes,14,2023-03,6300.0,6300.0,3,6300.0,2023,2023 H1,2023 Q1,True
857,Producción,14,2023-03,6300.0,6300.0,3,6300.0,2023,2023 H1,2023 Q1,True
858,Retail,14,2023-03,6300.0,6300.0,3,6300.0,2023,2023 H1,2023 Q1,True
859,Producción,14,2023-03,6300.0,6300.0,3,6300.0,2023,2023 H1,2023 Q1,True
860,Restaurantes,14,2023-03,6300.0,6300.0,3,6300.0,2023,2023 H1,2023 Q1,True
861,Retail,14,2023-03,94500.0,94500.0,3,94500.0,2023,2023 H1,2023 Q1,True
862,Tecnología,14,2023-03,260400.0,260400.0,3,0.0,2023,2023 H1,2023 Q1,True
863,Producción,14,2023-03,100800.0,100800.0,3,100800.0,2023,2023 H1,2023 Q1,True
864,Tecnología,14,2023-03,42000.0,42000.0,3,42000.0,2023,2023 H1,2023 Q1,True
865,Producción,14,2023-03,126000.0,42000.0,3,42000.0,2023,2023 H1,2023 Q1,True
866,Retail,14,2023-03,21000.0,21000.0,3,21000.0,2023,2023 H1,2023 Q1,True
867,Producción,14,2023-03,44100.0,44100.0,3,44100.0,2023,2023 H1,2023 Q1,True
868,Producción,14,2023-03,46200.0,46200.0,3,46200.0,2023,2023 H1,2023 Q1,True
869,Producción,14,2023-03,94500.0,94500.0,3,94500.0,2023,2023 H1,2023 Q1,True
870,Salud,14,2023-03,42000.0,42000.0,3,42000.0,2023,2023 H1,2023 Q1,True
871,Tecnología,14,2023-03,25200.0,63000.0,3,100800.0,2023,2023 H1,2023 Q1,True
872,Retail,14,2023-03,21000.0,21000.0,3,21000.0,2023,2023 H1,2023 Q1,True
873,Tecnología,14,2023-03,31500.0,31500.0,3,31500.0,2023,2023 H1,2023 Q1,True
874,Restaurantes,14,2023-03,31500.0,31500.0,3,31500.0,2023,2023 H1,2023 Q1,True
875,Retail,14,2023-03,42000.0,63000.0,3,63000.0,2023,2023 H1,2023 Q1,True
876,Producción,14,2023-03,37800.0,37800.0,3,37800.0,2023,2023 H1,2023 Q1,True
877,Restaurantes,14,2023-03,21000.0,21000.0,3,21000.0,2023,2023 H1,2023 Q1,True
878,Retail,14,2023-03,14700.0,14700.0,3,14700.0,2023,2023 H1,2023 Q1,True
879,Restaurantes,14,2023-03,78750.0,78750.0,3,78750.0,2023,2023 H1,2023 Q1,True
880,Salud,14,2023-03,42000.0,42000.0,3,42000.0,2023,2023 H1,2023 Q1,True
881,Producción,14,2023-03,118650.0,118650.0,3,118650.0,2023,2023 H1,2023 Q1,True
882,Servicios profesionales,14,2023-03,17850.0,17850.0,3,17850.0,2023,2023 H1,2023 Q1,True
883,Producción,14,2023-03,105000.0,105000.0,3,105000.0,2023,2023 H1,2023 Q1,True
884,Tecnología,14,2023-03,94500.0,94500.0,3,94500.0,2023,2023 H1,2023 Q1,True
885,Restaurantes,14,2023-03,42000.0,42000.0,3,42000.0,2023,2023 H1,2023 Q1,True
886,Restaurantes,15,2023-04,6300.0,6300.0,3,0.0,2023,2023 H1,2023 Q2,True
887,Retail,15,2023-04,25200.0,18900.0,3,12600.0,2023,2023 H1,2023 Q2,True
888,Restaurantes,15,2023-04,115500.0,115500.0,3,115500.0,2023,2023 H1,2023 Q2,True
889,Restaurantes,15,2023-04,6300.0,6300.0,3,0.0,2023,2023 H1,2023 Q2,True
890,Salud,15,2023-04,65625.0,65625.0,3,65625.0,2023,2023 H1,2023 Q2,True
891,Restaurantes,15,2023-04,6300.0,6300.0,3,0.0,2023,2023 H1,2023 Q2,True
892,Servicios profesionales,15,2023-04,42000.0,42000.0,3,84000.0,2023,2023 H1,2023 Q2,True
893,Retail,15,2023-04,6300.0,6300.0,3,0.0,2023,2023 H1,2023 Q2,True
894,Salud,15,2023-04,105000.0,105000.0,3,105000.0,2023,2023 H1,2023 Q2,True
895,Retail,15,2023-04,63000.0,63000.0,3,0.0,2023,2023 H1,2023 Q2,True
896,Servicios profesionales,15,2023-04,6300.0,6300.0,3,6300.0,2023,2023 H1,2023 Q2,True
897,Restaurantes,15,2023-04,168000.0,168000.0,3,168000.0,2023,2023 H1,2023 Q2,True
898,Retail,15,2023-04,16800.0,16800.0,3,16800.0,2023,2023 H1,2023 Q2,True
899,Retail,15,2023-04,172200.0,172200.0,3,190050.0,2023,2023 H1,2023 Q2,True
900,Restaurantes,15,2023-04,63000.0,63000.0,3,63000.0,2023,2023 H1,2023 Q2,True
901,Restaurantes,15,2023-04,25200.0,25200.0,3,25200.0,2023,2023 H1,2023 Q2,True
902,Servicios profesionales,15,2023-04,22050.0,22050.0,3,22050.0,2023,2023 H1,2023 Q2,True
903,Retail,15,2023-04,157500.0,189000.0,3,189000.0,2023,2023 H1,2023 Q2,True
904,Restaurantes,15,2023-04,94500.0,94500.0,3,94500.0,2023,2023 H1,2023 Q2,True
905,Restaurantes,15,2023-04,245700.0,245700.0,3,0.0,2023,2023 H1,2023 Q2,True
906,Restaurantes,15,2023-04,73500.0,73500.0,3,73500.0,2023,2023 H1,2023 Q2,True
907,Restaurantes,15,2023-04,37800.0,37800.0,3,37800.0,2023,2023 H1,2023 Q2,True
908,Servicios profesionales,15,2023-04,27300.0,27300.0,3,27300.0,2023,2023 H1,2023 Q2,True
909,Servicios profesionales,15,2023-04,6300.0,6300.0,3,6300.0,2023,2023 H1,2023 Q2,True
910,Restaurantes,15,2023-04,21000.0,21000.0,3,21000.0,2023,2023 H1,2023 Q2,True
911,Retail,15,2023-04,21000.0,21000.0,3,21000.0,2023,2023 H1,2023 Q2,True
912,Tecnología,15,2023-04,21000.0,21000.0,3,21000.0,2023,2023 H1,2023 Q2,True
913,Servicios profesionales,15,2023-04,29400.0,29400.0,3,29400.0,2023,2023 H1,2023 Q2,True
914,Retail,15,2023-04,50400.0,50400.0,3,50400.0,2023,2023 H1,2023 Q2,True
915,Retail,15,2023-04,63000.0,63000.0,3,63000.0,2023,2023 H1,2023 Q2,True
916,Servicios profesionales,15,2023-04,25200.0,25200.0,3,25200.0,2023,2023 H1,2023 Q2,True
917,Retail,15,2023-04,6300.0,6300.0,3,6300.0,2023,2023 H1,2023 Q2,True
918,Retail,15,2023-04,16800.0,16800.0,3,16800.0,2023,2023 H1,2023 Q2,True
919,Restaurantes,15,2023-04,33600.0,33600.0,3,33600.0,2023,2023 H1,2023 Q2,True
920,Restaurantes,15,2023-04,37800.0,37800.0,3,37800.0,2023,2023 H1,2023 Q2,True
921,Retail,15,2023-04,33600.0,33600.0,3,33600.0,2023,2023 H1,2023 Q2,True
922,Restaurantes,15,2023-04,52500.0,52500.0,3,52500.0,2023,2023 H1,2023 Q2,True
923,Producción,15,2023-04,50400.0,50400.0,3,50400.0,2023,2023 H1,2023 Q2,True
924,Restaurantes,15,2023-04,104895.0,104895.0,3,104895.0,2023,2023 H1,2023 Q2,True
925,Restaurantes,15,2023-04,84000.0,84000.0,3,84000.0,2023,2023 H1,2023 Q2,True
926,Tecnología,15,2023-04,42000.0,42000.0,3,42000.0,2023,2023 H1,2023 Q2,True
927,Producción,15,2023-04,52500.0,52500.0,3,52500.0,2023,2023 H1,2023 Q2,True
928,Restaurantes,15,2023-04,52500.0,52500.0,3,52500.0,2023,2023 H1,2023 Q2,True
929,Restaurantes,15,2023-04,52500.0,52500.0,3,52500.0,2023,2023 H1,2023 Q2,True
930,Tecnología,15,2023-04,48300.0,48300.0,3,48300.0,2023,2023 H1,2023 Q2,True
931,Restaurantes,15,2023-04,31500.0,31500.0,3,31500.0,2023,2023 H1,2023 Q2,True
932,Restaurantes,15,2023-04,105000.0,105000.0,3,105000.0,2023,2023 H1,2023 Q2,True
933,Tecnología,15,2023-04,31500.0,31500.0,3,31500.0,2023,2023 H1,2023 Q2,True
934,Restaurantes,15,2023-04,105000.0,105000.0,3,105000.0,2023,2023 H1,2023 Q2,True
935,Retail,15,2023-04,115500.0,115500.0,3,115500.0,2023,2023 H1,2023 Q2,True
936,Salud,15,2023-04,42000.0,42000.0,3,42000.0,2023,2023 H1,2023 Q2,True
937,Restaurantes,16,2023-05,6300.0,6300.0,3,6300.0,2023,2023 H1,2023 Q2,True
938,Retail,16,2023-05,6300.0,6300.0,3,6300.0,2023,2023 H1,2023 Q2,True
939,Retail,16,2023-05,6300.0,6300.0,3,6300.0,2023,2023 H1,2023 Q2,True
940,Retail,16,2023-05,6300.0,6300.0,3,6300.0,2023,2023 H1,2023 Q2,True
941,Retail,16,2023-05,31500.0,21000.0,3,21000.0,2023,2023 H1,2023 Q2,True
942,Retail,16,2023-05,25200.0,25200.0,3,25200.0,2023,2023 H1,2023 Q2,True
943,Restaurantes,16,2023-05,42000.0,42000.0,3,42000.0,2023,2023 H1,2023 Q2,True
944,Producción,16,2023-05,18900.0,18900.0,3,34045.83,2023,2023 H1,2023 Q2,True
945,Tecnología,16,2023-05,31500.0,31500.0,3,31500.0,2023,2023 H1,2023 Q2,True
946,Retail,16,2023-05,100800.0,33600.0,3,33600.0,2023,2023 H1,2023 Q2,True
947,Restaurantes,16,2023-05,52500.0,52500.0,3,52500.0,2023,2023 H1,2023 Q2,True
948,Producción,16,2023-05,10500.0,10500.0,3,10500.0,2023,2023 H1,2023 Q2,True
949,Restaurantes,16,2023-05,42000.0,42000.0,3,42000.0,2023,2023 H1,2023 Q2,True
950,Restaurantes,16,2023-05,49350.0,49350.0,3,49350.0,2023,2023 H1,2023 Q2,True
951,Retail,16,2023-05,58800.0,58800.0,3,58800.0,2023,2023 H1,2023 Q2,True
952,Producción,16,2023-05,18900.0,18900.0,3,18900.0,2023,2023 H1,2023 Q2,True
953,Retail,16,2023-05,94500.0,94500.0,3,94500.0,2023,2023 H1,2023 Q2,True
954,Retail,16,2023-05,31500.0,31500.0,3,31500.0,2023,2023 H1,2023 Q2,True
955,Restaurantes,16,2023-05,63000.0,63000.0,3,63000.0,2023,2023 H1,2023 Q2,True
956,Producción,16,2023-05,58800.0,58800.0,3,58800.0,2023,2023 H1,2023 Q2,True
957,Restaurantes,16,2023-05,42000.0,42000.0,3,42000.0,2023,2023 H1,2023 Q2,True
958,Restaurantes,16,2023-05,23100.0,23100.0,3,23100.0,2023,2023 H1,2023 Q2,True
959,Retail,16,2023-05,17850.0,17850.0,3,17850.0,2023,2023 H1,2023 Q2,True
960,Retail,16,2023-05,7350.0,7350.0,3,7350.0,2023,2023 H1,2023 Q2,True
961,Retail,16,2023-05,16800.0,16800.0,3,16800.0,2023,2023 H1,2023 Q2,True
962,Retail,16,2023-05,21000.0,21000.0,3,21000.0,2023,2023 H1,2023 Q2,True
963,Producción,16,2023-05,42000.0,42000.0,3,42000.0,2023,2023 H1,2023 Q2,True
964,Producción,16,2023-05,46200.0,46200.0,3,46200.0,2023,2023 H1,2023 Q2,True
965,Tecnología,16,2023-05,73500.0,73500.0,3,73500.0,2023,2023 H1,2023 Q2,True
966,Servicios profesionales,16,2023-05,105000.0,105000.0,3,105000.0,2023,2023 H1,2023 Q2,True
967,Tecnología,16,2023-05,26250.0,26250.0,3,26250.0,2023,2023 H1,2023 Q2,True
968,Servicios profesionales,16,2023-05,189000.0,63000.0,3,63000.0,2023,2023 H1,2023 Q2,True
969,Retail,16,2023-05,25200.0,25200.0,3,25200.0,2023,2023 H1,2023 Q2,True
970,Retail,16,2023-05,21000.0,21000.0,3,21000.0,2023,2023 H1,2023 Q2,True
971,Tecnología,16,2023-05,46200.0,46200.0,3,46200.0,2023,2023 H1,2023 Q2,True
972,Salud,16,2023-05,75599.79,75599.79,3,75599.79,2023,2023 H1,2023 Q2,True
973,Retail,16,2023-05,42000.0,42000.0,3,42000.0,2023,2023 H1,2023 Q2,True
974,Servicios profesionales,16,2023-05,14700.0,14700.0,3,14700.0,2023,2023 H1,2023 Q2,True
975,Restaurantes,16,2023-05,37800.0,37800.0,3,37800.0,2023,2023 H1,2023 Q2,True
976,Tecnología,16,2023-05,88200.0,88200.0,3,88200.0,2023,2023 H1,2023 Q2,True
977,Tecnología,16,2023-05,52500.0,52500.0,3,52500.0,2023,2023 H1,2023 Q2,True
978,Tecnología,16,2023-05,50400.0,50400.0,3,50400.0,2023,2023 H1,2023 Q2,True
979,Salud,16,2023-05,83999.79,83999.79,3,83999.79,2023,2023 H1,2023 Q2,True
980,Retail,16,2023-05,23100.0,23100.0,3,23100.0,2023,2023 H1,2023 Q2,True
981,Retail,16,2023-05,21000.0,21000.0,3,21000.0,2023,2023 H1,2023 Q2,True
982,Restaurantes,16,2023-05,31500.0,31500.0,3,31500.0,2023,2023 H1,2023 Q2,True
983,Retail,16,2023-05,17850.0,17850.0,3,17850.0,2023,2023 H1,2023 Q2,True
984,Restaurantes,17,2023-06,63000.0,63000.0,3,63000.0,2023,2023 H1,2023 Q2,True
985,Retail,17,2023-06,21000.0,21000.0,3,21000.0,2023,2023 H1,2023 Q2,True
986,Servicios profesionales,17,2023-06,63000.0,63000.0,3,63000.0,2023,2023 H1,2023 Q2,True
987,Producción,17,2023-06,126000.0,126000.0,3,126000.0,2023,2023 H1,2023 Q2,True
988,Tecnología,17,2023-06,42000.0,42000.0,3,42000.0,2023,2023 H1,2023 Q2,True
989,Producción,17,2023-06,63000.0,63000.0,3,63000.0,2023,2023 H1,2023 Q2,True
990,Producción,17,2023-06,25200.0,25200.0,3,25200.0,2023,2023 H1,2023 Q2,True
991,Servicios profesionales,17,2023-06,6300.0,6300.0,3,6300.0,2023,2023 H1,2023 Q2,True
992,Salud,17,2023-06,42000.0,42000.0,3,42000.0,2023,2023 H1,2023 Q2,True
993,Retail,17,2023-06,12600.0,12600.0,3,12600.0,2023,2023 H1,2023 Q2,True
994,Retail,17,2023-06,126000.0,63000.0,3,63000.0,2023,2023 H1,2023 Q2,True
995,Retail,17,2023-06,6300.0,6300.0,3,6300.0,2023,2023 H1,2023 Q2,True
996,Salud,17,2023-06,88200.0,88200.0,3,88200.0,2023,2023 H1,2023 Q2,True
997,Retail,17,2023-06,30240.0,30240.0,3,30240.0,2023,2023 H1,2023 Q2,True
998,Producción,17,2023-06,126000.0,63000.0,3,63000.0,2023,2023 H1,2023 Q2,True
999,Producción,17,2023-06,29400.0,29400.0,3,29400.0,2023,2023 H1,2023 Q2,True
1000,Retail,17,2023-06,6300.0,6300.0,3,6300.0,2023,2023 H1,2023 Q2,True
1001,Retail,17,2023-06,48300.0,48300.0,3,48300.0,2023,2023 H1,2023 Q2,True
1002,Restaurantes,17,2023-06,10500.0,10500.0,3,10500.0,2023,2023 H1,2023 Q2,True
1003,Restaurantes,17,2023-06,84000.0,84000.0,3,84000.0,2023,2023 H1,2023 Q2,True
1004,Retail,17,2023-06,21000.0,21000.0,3,21000.0,2023,2023 H1,2023 Q2,True
1005,Retail,17,2023-06,9450.0,9450.0,3,9450.0,2023,2023 H1,2023 Q2,True
1006,Restaurantes,17,2023-06,25200.0,39900.0,3,54600.0,2023,2023 H1,2023 Q2,True
1007,Salud,17,2023-06,25200.0,25200.0,3,25200.0,2023,2023 H1,2023 Q2,True
1008,Salud,17,2023-06,73500.0,73500.0,3,73500.0,2023,2023 H1,2023 Q2,True
1009,Producción,17,2023-06,28350.0,28350.0,3,28350.0,2023,2023 H1,2023 Q2,True
1010,Producción,17,2023-06,31500.0,31500.0,3,31500.0,2023,2023 H1,2023 Q2,True
1011,Tecnología,17,2023-06,115500.0,115500.0,3,115500.0,2023,2023 H1,2023 Q2,True
1012,Retail,17,2023-06,21000.0,21000.0,3,21000.0,2023,2023 H1,2023 Q2,True
1013,Retail,17,2023-06,12600.0,12600.0,3,12600.0,2023,2023 H1,2023 Q2,True
1014,Retail,17,2023-06,18900.0,18900.0,3,18900.0,2023,2023 H1,2023 Q2,True
1015,Salud,17,2023-06,79800.0,79800.0,3,79800.0,2023,2023 H1,2023 Q2,True
1016,Tecnología,17,2023-06,35700.0,35700.0,3,35700.0,2023,2023 H1,2023 Q2,True
1017,Producción,17,2023-06,46200.0,46200.0,3,46200.0,2023,2023 H1,2023 Q2,True
1018,Tecnología,17,2023-06,31500.0,31500.0,3,31500.0,2023,2023 H1,2023 Q2,True
1019,Restaurantes,17,2023-06,105000.0,105000.0,3,105000.0,2023,2023 H1,2023 Q2,True
1020,Producción,17,2023-06,14700.0,14700.0,3,14700.0,2023,2023 H1,2023 Q2,True
1021,Salud,17,2023-06,73500.0,73500.0,3,73500.0,2023,2023 H1,2023 Q2,True
1022,Tecnología,17,2023-06,84000.0,84000.0,3,84000.0,2023,2023 H1,2023 Q2,True
1023,Retail,17,2023-06,21000.0,21000.0,3,37800.0,2023,2023 H1,2023 Q2,True
1024,Restaurantes,17,2023-06,52500.0,52500.0,3,52500.0,2023,2023 H1,2023 Q2,True
1025,Producción,17,2023-06,29400.0,29400.0,3,29400.0,2023,2023 H1,2023 Q2,True
1026,Producción,17,2023-06,37800.0,37800.0,3,37800.0,2023,2023 H1,2023 Q2,True
1027,Retail,17,2023-06,63000.0,63000.0,3,63000.0,2023,2023 H1,2023 Q2,True
1028,Restaurantes,17,2023-06,39900.0,39900.0,3,39900.0,2023,2023 H1,2023 Q2,True
1029,Producción,17,2023-06,63000.0,63000.0,3,63000.0,2023,2023 H1,2023 Q2,True
1030,Retail,18,2023-07,5250.0,5250.0,3,5250.0,2023,2023 H2,2023 Q3,True
1031,Restaurantes,18,2023-07,6300.0,6300.0,3,0.0,2023,2023 H2,2023 Q3,True
1032,Tecnología,18,2023-07,6300.0,6300.0,3,6300.0,2023,2023 H2,2023 Q3,True
1033,Producción,18,2023-07,38850.0,38850.0,3,38850.0,2023,2023 H2,2023 Q3,True
1034,Retail,18,2023-07,48300.0,48300.0,3,48300.0,2023,2023 H2,2023 Q3,True
1035,Retail,18,2023-07,6300.0,6300.0,3,6300.0,2023,2023 H2,2023 Q3,True
1036,Restaurantes,18,2023-07,79800.0,106399.96,3,132999.93,2023,2023 H2,2023 Q3,True
1037,Retail,18,2023-07,6300.0,6300.0,3,6300.0,2023,2023 H2,2023 Q3,True
1038,Producción,18,2023-07,42000.0,42000.0,3,42000.0,2023,2023 H2,2023 Q3,True
1039,Salud,18,2023-07,84000.0,84000.0,3,84000.0,2023,2023 H2,2023 Q3,True
1040,Retail,18,2023-07,77700.0,77700.0,3,77700.0,2023,2023 H2,2023 Q3,True
1041,Producción,18,2023-07,91350.0,91350.0,3,91350.0,2023,2023 H2,2023 Q3,True
1042,Restaurantes,18,2023-07,44100.0,44100.0,3,44100.0,2023,2023 H2,2023 Q3,True
1043,Retail,18,2023-07,16800.0,16800.0,3,16800.0,2023,2023 H2,2023 Q3,True
1044,Tecnología,18,2023-07,47250.0,47250.0,3,47250.0,2023,2023 H2,2023 Q3,True
1045,Retail,18,2023-07,6300.0,6300.0,3,6300.0,2023,2023 H2,2023 Q3,True
1046,Producción,18,2023-07,6300.0,6300.0,3,6300.0,2023,2023 H2,2023 Q3,True
1047,Tecnología,18,2023-07,115500.0,115500.0,3,115500.0,2023,2023 H2,2023 Q3,True
1048,Restaurantes,18,2023-07,73500.0,73500.0,3,73500.0,2023,2023 H2,2023 Q3,True
1049,Tecnología,18,2023-07,42000.0,42000.0,3,42000.0,2023,2023 H2,2023 Q3,True
1050,Salud,18,2023-07,67200.0,67200.0,3,67200.0,2023,2023 H2,2023 Q3,True
1051,Producción,18,2023-07,63000.0,63000.0,3,63000.0,2023,2023 H2,2023 Q3,True
1052,Restaurantes,18,2023-07,56700.0,85050.0,3,0.0,2023,2023 H2,2023 Q3,True
1053,Restaurantes,18,2023-07,13650.0,13650.0,3,13650.0,2023,2023 H2,2023 Q3,True
1054,Producción,18,2023-07,42000.0,42000.0,3,42000.0,2023,2023 H2,2023 Q3,True
1055,Retail,18,2023-07,14700.0,14700.0,3,0.0,2023,2023 H2,2023 Q3,True
1056,Restaurantes,18,2023-07,42000.0,42000.0,3,42000.0,2023,2023 H2,2023 Q3,True
1057,Restaurantes,18,2023-07,31500.0,31500.0,3,31500.0,2023,2023 H2,2023 Q3,True
1058,Producción,18,2023-07,33600.0,33600.0,3,33600.0,2023,2023 H2,2023 Q3,True
1059,Tecnología,18,2023-07,33600.0,33600.0,3,33600.0,2023,2023 H2,2023 Q3,True
1060,Servicios profesionales,18,2023-07,56700.0,56700.0,3,56700.0,2023,2023 H2,2023 Q3,True
1061,Retail,18,2023-07,10500.0,10500.0,3,10500.0,2023,2023 H2,2023 Q3,True
1062,Restaurantes,18,2023-07,36750.0,36750.0,3,36750.0,2023,2023 H2,2023 Q3,True
1063,Retail,18,2023-07,42000.0,42000.0,3,42000.0,2023,2023 H2,2023 Q3,True
1064,Retail,18,2023-07,14700.0,14700.0,3,14700.0,2023,2023 H2,2023 Q3,True
1065,Producción,18,2023-07,63000.0,63000.0,3,63000.0,2023,2023 H2,2023 Q3,True
1066,Salud,18,2023-07,94500.0,94500.0,3,94500.0,2023,2023 H2,2023 Q3,True
1067,Producción,18,2023-07,9450.0,9450.0,3,9450.0,2023,2023 H2,2023 Q3,True
1068,Restaurantes,18,2023-07,25200.0,25200.0,3,25200.0,2023,2023 H2,2023 Q3,True
1069,Restaurantes,18,2023-07,63000.0,63000.0,3,0.0,2023,2023 H2,2023 Q3,True
1070,Retail,18,2023-07,21000.0,21000.0,3,21000.0,2023,2023 H2,2023 Q3,True
1071,Restaurantes,18,2023-07,42000.0,42000.0,3,42000.0,2023,2023 H2,2023 Q3,True
1072,Servicios profesionales,18,2023-07,31500.0,31500.0,3,31500.0,2023,2023 H2,2023 Q3,True
1073,Servicios profesionales,18,2023-07,15750.0,15750.0,3,15750.0,2023,2023 H2,2023 Q3,True
1074,Producción,18,2023-07,27300.0,27300.0,3,27300.0,2023,2023 H2,2023 Q3,True
1075,Producción,18,2023-07,73500.0,73500.0,3,73500.0,2023,2023 H2,2023 Q3,True
1076,Producción,18,2023-07,52500.0,52500.0,3,52500.0,2023,2023 H2,2023 Q3,True
1077,Servicios profesionales,18,2023-07,23100.0,23100.0,3,23100.0,2023,2023 H2,2023 Q3,True
1078,Retail,18,2023-07,8400.0,8400.0,3,8400.0,2023,2023 H2,2023 Q3,True
1079,Retail,18,2023-07,21000.0,21000.0,3,21000.0,2023,2023 H2,2023 Q3,True
1080,Salud,18,2023-07,42000.0,42000.0,3,42000.0,2023,2023 H2,2023 Q3,True
1081,Producción,18,2023-07,84000.0,84000.0,3,84000.0,2023,2023 H2,2023 Q3,True
1082,Retail,18,2023-07,31500.0,31500.0,3,31500.0,2023,2023 H2,2023 Q3,True
1083,Restaurantes,18,2023-07,27300.0,27300.0,3,27300.0,2023,2023 H2,2023 Q3,True
1084,Restaurantes,18,2023-07,15750.0,15750.0,3,15750.0,2023,2023 H2,2023 Q3,True
1085,Retail,18,2023-07,16800.0,16800.0,3,16800.0,2023,2023 H2,2023 Q3,True
1086,Restaurantes,18,2023-07,94500.0,94500.0,3,94500.0,2023,2023 H2,2023 Q3,True
1087,Retail,18,2023-07,18900.0,18900.0,3,18900.0,2023,2023 H2,2023 Q3,True
1088,Retail,18,2023-07,21000.0,21000.0,3,21000.0,2023,2023 H2,2023 Q3,True
1089,Restaurantes,18,2023-07,21000.0,21000.0,3,21000.0,2023,2023 H2,2023 Q3,True
1090,Tecnología,18,2023-07,34650.0,34650.0,3,34650.0,2023,2023 H2,2023 Q3,True
1091,Producción,18,2023-07,42000.0,42000.0,3,42000.0,2023,2023 H2,2023 Q3,True
1092,Restaurantes,18,2023-07,67200.0,67200.0,3,67200.0,2023,2023 H2,2023 Q3,True
1093,Servicios profesionales,18,2023-07,21000.0,21000.0,3,21000.0,2023,2023 H2,2023 Q3,True
1094,Restaurantes,18,2023-07,21000.0,21000.0,3,21000.0,2023,2023 H2,2023 Q3,True
1095,Retail,19,2023-08,6300.0,6300.0,3,6300.0,2023,2023 H2,2023 Q3,True
1096,Tecnología,19,2023-08,115500.0,115500.0,3,115500.0,2023,2023 H2,2023 Q3,True
1097,Producción,19,2023-08,6300.0,9450.0,3,12600.0,2023,2023 H2,2023 Q3,True
1098,Retail,19,2023-08,21000.0,21000.0,3,21000.0,2023,2023 H2,2023 Q3,True
1099,Producción,19,2023-08,25200.0,25200.0,3,25200.0,2023,2023 H2,2023 Q3,True
1100,Producción,19,2023-08,14700.0,14700.0,3,14700.0,2023,2023 H2,2023 Q3,True
1101,Retail,19,2023-08,6300.0,6300.0,3,6300.0,2023,2023 H2,2023 Q3,True
1102,Tecnología,19,2023-08,105000.0,105000.0,3,105000.0,2023,2023 H2,2023 Q3,True
1103,Producción,19,2023-08,34650.0,34650.0,3,34650.0,2023,2023 H2,2023 Q3,True
1104,Retail,19,2023-08,18900.0,18900.0,3,18900.0,2023,2023 H2,2023 Q3,True
1105,Tecnología,19,2023-08,73500.0,73500.0,3,73500.0,2023,2023 H2,2023 Q3,True
1106,Retail,19,2023-08,96600.0,12600.0,3,12600.0,2023,2023 H2,2023 Q3,True
1107,Producción,19,2023-08,21000.0,21000.0,3,21000.0,2023,2023 H2,2023 Q3,True
1108,Producción,19,2023-08,42000.0,42000.0,3,42000.0,2023,2023 H2,2023 Q3,True
1109,Restaurantes,19,2023-08,52500.0,52500.0,3,52500.0,2023,2023 H2,2023 Q3,True
1110,Producción,19,2023-08,42000.0,42000.0,3,42000.0,2023,2023 H2,2023 Q3,True
1111,Restaurantes,19,2023-08,48300.0,48300.0,3,48300.0,2023,2023 H2,2023 Q3,True
1112,Salud,19,2023-08,46200.0,46200.0,3,46200.0,2023,2023 H2,2023 Q3,True
1113,Restaurantes,19,2023-08,18900.0,18900.0,3,18900.0,2023,2023 H2,2023 Q3,True
1114,Retail,19,2023-08,21000.0,21000.0,3,21000.0,2023,2023 H2,2023 Q3,True
1115,Restaurantes,19,2023-08,13650.0,13650.0,3,13650.0,2023,2023 H2,2023 Q3,True
1116,Producción,19,2023-08,79800.0,79800.0,3,79800.0,2023,2023 H2,2023 Q3,True
1117,Tecnología,19,2023-08,36750.0,36750.0,3,36750.0,2023,2023 H2,2023 Q3,True
1118,Tecnología,19,2023-08,25200.0,25200.0,3,25200.0,2023,2023 H2,2023 Q3,True
1119,Producción,19,2023-08,37800.0,37800.0,3,37800.0,2023,2023 H2,2023 Q3,True
1120,Retail,19,2023-08,6300.0,6300.0,3,6300.0,2023,2023 H2,2023 Q3,True
1121,Servicios profesionales,19,2023-08,40950.0,40950.0,3,40950.0,2023,2023 H2,2023 Q3,True
1122,Retail,19,2023-08,136500.0,136500.0,3,136500.0,2023,2023 H2,2023 Q3,True
1123,Servicios profesionales,19,2023-08,14700.0,14700.0,3,14700.0,2023,2023 H2,2023 Q3,True
1124,Servicios profesionales,19,2023-08,16800.0,16800.0,3,16800.0,2023,2023 H2,2023 Q3,True
1125,Salud,19,2023-08,39900.0,39900.0,3,39900.0,2023,2023 H2,2023 Q3,True
1126,Tecnología,19,2023-08,94500.0,94500.0,3,94500.0,2023,2023 H2,2023 Q3,True
1127,Retail,19,2023-08,23100.0,23100.0,3,23100.0,2023,2023 H2,2023 Q3,True
1128,Servicios profesionales,19,2023-08,11550.0,11550.0,3,11550.0,2023,2023 H2,2023 Q3,True
1129,Producción,19,2023-08,14700.0,14700.0,3,14700.0,2023,2023 H2,2023 Q3,True
1130,Producción,19,2023-08,15750.0,15750.0,3,15750.0,2023,2023 H2,2023 Q3,True
1131,Servicios profesionales,19,2023-08,19950.0,19950.0,3,19950.0,2023,2023 H2,2023 Q3,True
1132,Retail,19,2023-08,21000.0,21000.0,3,21000.0,2023,2023 H2,2023 Q3,True
1133,Retail,19,2023-08,21000.0,21000.0,3,21000.0,2023,2023 H2,2023 Q3,True
1134,Producción,19,2023-08,21000.0,21000.0,3,21000.0,2023,2023 H2,2023 Q3,True
1135,Retail,19,2023-08,37800.0,37800.0,3,37800.0,2023,2023 H2,2023 Q3,True
1136,Producción,19,2023-08,39900.0,39900.0,3,39900.0,2023,2023 H2,2023 Q3,True
1137,Restaurantes,19,2023-08,33600.0,33600.0,3,33600.0,2023,2023 H2,2023 Q3,True
1138,Retail,19,2023-08,25200.0,25200.0,3,25200.0,2023,2023 H2,2023 Q3,True
1139,Producción,19,2023-08,29400.0,29400.0,3,29400.0,2023,2023 H2,2023 Q3,True
1140,Tecnología,19,2023-08,31500.0,31500.0,3,31500.0,2023,2023 H2,2023 Q3,True
1141,Restaurantes,19,2023-08,36750.0,36750.0,3,36750.0,2023,2023 H2,2023 Q3,True
1142,Producción,19,2023-08,42000.0,42000.0,3,42000.0,2023,2023 H2,2023 Q3,True
1143,Servicios profesionales,19,2023-08,42000.0,42000.0,3,42000.0,2023,2023 H2,2023 Q3,True
1144,Retail,19,2023-08,42000.0,42000.0,3,42000.0,2023,2023 H2,2023 Q3,True
1145,Producción,19,2023-08,46200.0,46200.0,3,46200.0,2023,2023 H2,2023 Q3,True
1146,Tecnología,19,2023-08,48300.0,48300.0,3,48300.0,2023,2023 H2,2023 Q3,True
1147,Producción,19,2023-08,52500.0,52500.0,3,52500.0,2023,2023 H2,2023 Q3,True
1148,Restaurantes,19,2023-08,126000.0,126000.0,3,126000.0,2023,2023 H2,2023 Q3,True
1149,Retail,19,2023-08,63000.0,63000.0,3,63000.0,2023,2023 H2,2023 Q3,True
1150,Producción,19,2023-08,84000.0,84000.0,3,84000.0,2023,2023 H2,2023 Q3,True
1151,Salud,19,2023-08,168000.0,168000.0,3,168000.0,2023,2023 H2,2023 Q3,True
1152,Salud,19,2023-08,35700.0,35700.0,3,35700.0,2023,2023 H2,2023 Q3,True
1153,Retail,19,2023-08,130200.0,32550.0,3,32550.0,2023,2023 H2,2023 Q3,True
1154,Retail,19,2023-08,58800.0,16800.0,3,16800.0,2023,2023 H2,2023 Q3,True
1155,Restaurantes,19,2023-08,33600.0,33600.0,3,33600.0,2023,2023 H2,2023 Q3,True
1156,Producción,19,2023-08,63000.0,63000.0,3,63000.0,2023,2023 H2,2023 Q3,True
1157,Restaurantes,19,2023-08,115500.0,115500.0,3,115500.0,2023,2023 H2,2023 Q3,True
1158,Producción,19,2023-08,48300.0,48300.0,3,48300.0,2023,2023 H2,2023 Q3,True
1159,Producción,19,2023-08,35700.0,26775.0,3,17850.0,2023,2023 H2,2023 Q3,True
1160,Producción,19,2023-08,17430.0,17430.0,3,17430.0,2023,2023 H2,2023 Q3,True
1161,Producción,20,2023-09,12600.0,6300.0,3,6300.0,2023,2023 H2,2023 Q3,True
1162,Retail,20,2023-09,6300.0,6300.0,3,0.0,2023,2023 H2,2023 Q3,True
1163,Servicios profesionales,20,2023-09,50400.0,50400.0,3,50400.0,2023,2023 H2,2023 Q3,True
1164,Retail,20,2023-09,6300.0,6300.0,3,6300.0,2023,2023 H2,2023 Q3,True
1165,Restaurantes,20,2023-09,48300.0,48300.0,3,48300.0,2023,2023 H2,2023 Q3,True
1166,Producción,20,2023-09,63000.0,63000.0,3,63000.0,2023,2023 H2,2023 Q3,True
1167,Restaurantes,20,2023-09,31500.0,31500.0,3,31500.0,2023,2023 H2,2023 Q3,True
1168,Producción,20,2023-09,58800.0,58800.0,3,58800.0,2023,2023 H2,2023 Q3,True
1169,Producción,20,2023-09,31500.0,31500.0,3,31500.0,2023,2023 H2,2023 Q3,True
1170,Restaurantes,20,2023-09,94500.0,94500.0,3,94500.0,2023,2023 H2,2023 Q3,True
1171,Producción,20,2023-09,31500.0,31500.0,3,31500.0,2023,2023 H2,2023 Q3,True
1172,Servicios profesionales,20,2023-09,35280.0,17640.0,3,17640.0,2023,2023 H2,2023 Q3,True
1173,Producción,20,2023-09,82320.0,41160.0,3,41160.0,2023,2023 H2,2023 Q3,True
1174,Retail,20,2023-09,79800.0,39900.0,3,39900.0,2023,2023 H2,2023 Q3,True
1175,Restaurantes,20,2023-09,42000.0,42000.0,3,42000.0,2023,2023 H2,2023 Q3,True
1176,Tecnología,20,2023-09,37800.0,37800.0,3,37800.0,2023,2023 H2,2023 Q3,True
1177,Restaurantes,20,2023-09,63000.0,63000.0,3,63000.0,2023,2023 H2,2023 Q3,True
1178,Restaurantes,20,2023-09,73500.0,73500.0,3,73500.0,2023,2023 H2,2023 Q3,True
1179,Retail,20,2023-09,36162.0,36162.0,3,36162.0,2023,2023 H2,2023 Q3,True
1180,Tecnología,20,2023-09,25200.0,25200.0,3,25200.0,2023,2023 H2,2023 Q3,True
1181,Servicios profesionales,20,2023-09,6300.0,6300.0,3,6300.0,2023,2023 H2,2023 Q3,True
1182,Producción,20,2023-09,55649.79,55649.79,3,55649.79,2023,2023 H2,2023 Q3,True
1183,Restaurantes,20,2023-09,157500.0,52500.0,3,52500.0,2023,2023 H2,2023 Q3,True
1184,Restaurantes,20,2023-09,31500.0,31500.0,3,31500.0,2023,2023 H2,2023 Q3,True
1185,Servicios profesionales,20,2023-09,21000.0,21000.0,3,21000.0,2023,2023 H2,2023 Q3,True
1186,Restaurantes,20,2023-09,14700.0,14700.0,3,14700.0,2023,2023 H2,2023 Q3,True
1187,Tecnología,20,2023-09,84000.0,84000.0,3,84000.0,2023,2023 H2,2023 Q3,True
1188,Servicios profesionales,20,2023-09,14700.0,14700.0,3,14700.0,2023,2023 H2,2023 Q3,True
1189,Producción,20,2023-09,31500.0,31500.0,3,31500.0,2023,2023 H2,2023 Q3,True
1190,Restaurantes,20,2023-09,6300.0,6300.0,3,6300.0,2023,2023 H2,2023 Q3,True
1191,Restaurantes,20,2023-09,6300.0,6300.0,3,6300.0,2023,2023 H2,2023 Q3,True
1192,Producción,20,2023-09,6300.0,6300.0,3,6300.0,2023,2023 H2,2023 Q3,True
1193,Restaurantes,20,2023-09,84000.0,84000.0,3,84000.0,2023,2023 H2,2023 Q3,True
1194,Producción,20,2023-09,37800.0,37800.0,3,37800.0,2023,2023 H2,2023 Q3,True
1195,Retail,20,2023-09,18900.0,18900.0,3,18900.0,2023,2023 H2,2023 Q3,True
1196,Retail,20,2023-09,31500.0,17850.0,3,4200.0,2023,2023 H2,2023 Q3,True
1197,Tecnología,20,2023-09,31500.0,31500.0,3,31500.0,2023,2023 H2,2023 Q3,True
1198,Restaurantes,20,2023-09,60900.0,60900.0,3,60900.0,2023,2023 H2,2023 Q3,True
1199,Producción,20,2023-09,94500.0,94500.0,3,94500.0,2023,2023 H2,2023 Q3,True
1200,Servicios profesionales,20,2023-09,41998.53,41998.53,3,41998.53,2023,2023 H2,2023 Q3,True
1201,Retail,20,2023-09,21000.0,21000.0,3,21000.0,2023,2023 H2,2023 Q3,True
1202,Servicios profesionales,20,2023-09,21000.0,21000.0,3,21000.0,2023,2023 H2,2023 Q3,True
1203,Servicios profesionales,20,2023-09,18900.0,18900.0,3,18900.0,2023,2023 H2,2023 Q3,True
1204,Producción,20,2023-09,23100.0,23100.0,3,23100.0,2023,2023 H2,2023 Q3,True
1205,Restaurantes,20,2023-09,54600.0,54600.0,3,54600.0,2023,2023 H2,2023 Q3,True
1206,Restaurantes,20,2023-09,42000.0,42000.0,3,42000.0,2023,2023 H2,2023 Q3,True
1207,Servicios profesionales,20,2023-09,10500.0,10500.0,3,10500.0,2023,2023 H2,2023 Q3,True
1208,Retail,20,2023-09,23100.0,23100.0,3,23100.0,2023,2023 H2,2023 Q3,True
1209,Retail,20,2023-09,31500.0,31500.0,3,31500.0,2023,2023 H2,2023 Q3,True
1210,Restaurantes,20,2023-09,42000.0,42000.0,3,42000.0,2023,2023 H2,2023 Q3,True
1211,Retail,20,2023-09,31500.0,31500.0,3,31500.0,2023,2023 H2,2023 Q3,True
1212,Restaurantes,20,2023-09,29400.0,29400.0,3,29400.0,2023,2023 H2,2023 Q3,True
1213,Producción,20,2023-09,52500.0,52500.0,3,52500.0,2023,2023 H2,2023 Q3,True
1214,Restaurantes,20,2023-09,25200.0,25200.0,3,25200.0,2023,2023 H2,2023 Q3,True
1215,Retail,20,2023-09,42000.0,42000.0,3,42000.0,2023,2023 H2,2023 Q3,True
1216,Restaurantes,20,2023-09,38640.0,38640.0,3,38640.0,2023,2023 H2,2023 Q3,True
1217,Retail,21,2023-10,42000.0,42000.0,3,42000.0,2023,2023 H2,2023 Q4,True
1218,Servicios profesionales,21,2023-10,94500.0,94500.0,3,94500.0,2023,2023 H2,2023 Q4,True
1219,Restaurantes,21,2023-10,6300.0,6300.0,3,6300.0,2023,2023 H2,2023 Q4,True
1220,Producción,21,2023-10,6300.0,6300.0,3,6300.0,2023,2023 H2,2023 Q4,True
1221,Restaurantes,21,2023-10,13860.0,42000.0,3,42000.0,2023,2023 H2,2023 Q4,True
1222,Salud,21,2023-10,84000.0,84000.0,3,84000.0,2023,2023 H2,2023 Q4,True
1223,Salud,21,2023-10,399000.0,294000.0,3,294000.0,2023,2023 H2,2023 Q4,True
1224,Producción,21,2023-10,17850.0,17850.0,3,17850.0,2023,2023 H2,2023 Q4,True
1225,Producción,21,2023-10,13860.0,13860.0,3,13860.0,2023,2023 H2,2023 Q4,True
1226,Servicios profesionales,21,2023-10,6300.0,6300.0,3,6300.0,2023,2023 H2,2023 Q4,True
1227,Retail,21,2023-10,127050.0,26250.0,3,26250.0,2023,2023 H2,2023 Q4,True
1228,Servicios profesionales,21,2023-10,6300.0,6300.0,3,6300.0,2023,2023 H2,2023 Q4,True
1229,Producción,21,2023-10,15120.0,15120.0,3,15120.0,2023,2023 H2,2023 Q4,True
1230,Retail,21,2023-10,10080.0,10080.0,3,10080.0,2023,2023 H2,2023 Q4,True
1231,Restaurantes,21,2023-10,128100.0,128100.0,3,128100.0,2023,2023 H2,2023 Q4,True
1232,Servicios profesionales,21,2023-10,18900.0,18900.0,3,18900.0,2023,2023 H2,2023 Q4,True
1233,Tecnología,21,2023-10,10500.0,10500.0,3,10500.0,2023,2023 H2,2023 Q4,True
1234,Retail,21,2023-10,55650.0,55650.0,3,55650.0,2023,2023 H2,2023 Q4,True
1235,Producción,21,2023-10,48300.0,48300.0,3,48300.0,2023,2023 H2,2023 Q4,True
1236,Retail,21,2023-10,26250.0,26250.0,3,26250.0,2023,2023 H2,2023 Q4,True
1237,Retail,21,2023-10,17850.0,17850.0,3,17850.0,2023,2023 H2,2023 Q4,True
1238,Producción,21,2023-10,26250.0,26250.0,3,26250.0,2023,2023 H2,2023 Q4,True
1239,Restaurantes,21,2023-10,52500.0,52500.0,3,52500.0,2023,2023 H2,2023 Q4,True
1240,Servicios profesionales,21,2023-10,88200.0,88200.0,3,88200.0,2023,2023 H2,2023 Q4,True
1241,Retail,21,2023-10,10500.0,10500.0,3,10500.0,2023,2023 H2,2023 Q4,True
1242,Restaurantes,21,2023-10,63000.0,63000.0,3,63000.0,2023,2023 H2,2023 Q4,True
1243,Producción,21,2023-10,25200.0,25200.0,3,25200.0,2023,2023 H2,2023 Q4,True
1244,Servicios profesionales,21,2023-10,37800.0,37800.0,3,37800.0,2023,2023 H2,2023 Q4,True
1245,Restaurantes,21,2023-10,63000.0,63000.0,3,63000.0,2023,2023 H2,2023 Q4,True
1246,Retail,21,2023-10,33600.0,33600.0,3,33600.0,2023,2023 H2,2023 Q4,True
1247,Producción,21,2023-10,84000.0,84000.0,3,84000.0,2023,2023 H2,2023 Q4,True
1248,Tecnología,21,2023-10,21000.0,21000.0,3,21000.0,2023,2023 H2,2023 Q4,True
1249,Retail,21,2023-10,23100.0,23100.0,3,23100.0,2023,2023 H2,2023 Q4,True
1250,Restaurantes,21,2023-10,48300.0,48300.0,3,48300.0,2023,2023 H2,2023 Q4,True
1251,Retail,21,2023-10,18900.0,18900.0,3,18900.0,2023,2023 H2,2023 Q4,True
1252,Servicios profesionales,21,2023-10,46200.0,46200.0,3,46200.0,2023,2023 H2,2023 Q4,True
1253,Retail,21,2023-10,17850.0,17850.0,3,17850.0,2023,2023 H2,2023 Q4,True
1254,Producción,21,2023-10,35700.0,35700.0,3,35700.0,2023,2023 H2,2023 Q4,True
1255,Restaurantes,21,2023-10,25200.0,25200.0,3,25200.0,2023,2023 H2,2023 Q4,True
1256,Restaurantes,21,2023-10,163800.0,54600.0,3,54600.0,2023,2023 H2,2023 Q4,True
1257,Retail,21,2023-10,23100.0,23100.0,3,23100.0,2023,2023 H2,2023 Q4,True
1258,Retail,21,2023-10,54600.0,54600.0,3,54600.0,2023,2023 H2,2023 Q4,True
1259,Retail,21,2023-10,14700.0,14700.0,3,14700.0,2023,2023 H2,2023 Q4,True
1260,Producción,21,2023-10,14700.0,14700.0,3,14700.0,2023,2023 H2,2023 Q4,True
1261,Retail,21,2023-10,21000.0,21000.0,3,21000.0,2023,2023 H2,2023 Q4,True
1262,Restaurantes,21,2023-10,55650.0,55650.0,3,55650.0,2023,2023 H2,2023 Q4,True
1263,Restaurantes,21,2023-10,52500.0,52500.0,3,52500.0,2023,2023 H2,2023 Q4,True
1264,Tecnología,21,2023-10,37800.0,37800.0,3,37800.0,2023,2023 H2,2023 Q4,True
1265,Restaurantes,21,2023-10,49350.0,49350.0,3,49350.0,2023,2023 H2,2023 Q4,True
1266,Retail,21,2023-10,25200.0,25200.0,3,25200.0,2023,2023 H2,2023 Q4,True
1267,Producción,21,2023-10,15750.0,15750.0,3,15750.0,2023,2023 H2,2023 Q4,True
1268,Salud,21,2023-10,26250.0,26250.0,3,26250.0,2023,2023 H2,2023 Q4,True
1269,Retail,21,2023-10,15750.0,15750.0,3,15750.0,2023,2023 H2,2023 Q4,True
1270,Producción,21,2023-10,31500.0,31500.0,3,31500.0,2023,2023 H2,2023 Q4,True
1271,Restaurantes,21,2023-10,55125.0,55125.0,3,55125.0,2023,2023 H2,2023 Q4,True
1272,Producción,21,2023-10,10500.0,10500.0,3,10500.0,2023,2023 H2,2023 Q4,True
1273,Retail,21,2023-10,52500.0,52500.0,3,52500.0,2023,2023 H2,2023 Q4,True
1274,Producción,21,2023-10,63000.0,63000.0,3,63000.0,2023,2023 H2,2023 Q4,True
1275,Retail,21,2023-10,31500.0,31500.0,3,31500.0,2023,2023 H2,2023 Q4,True
1276,Servicios profesionales,21,2023-10,88200.0,88200.0,3,88200.0,2023,2023 H2,2023 Q4,True
1277,Restaurantes,21,2023-10,52500.0,52500.0,3,52500.0,2023,2023 H2,2023 Q4,True
1278,Producción,21,2023-10,31500.0,31500.0,3,31500.0,2023,2023 H2,2023 Q4,True
1279,Restaurantes,21,2023-10,54600.0,54600.0,3,54600.0,2023,2023 H2,2023 Q4,True
1280,Restaurantes,21,2023-10,52500.0,52500.0,3,52500.0,2023,2023 H2,2023 Q4,True
1281,Retail,22,2023-11,12600.0,9450.0,3,0.0,2023,2023 H2,2023 Q4,True
1282,Tecnología,22,2023-11,18900.0,18900.0,3,18900.0,2023,2023 H2,2023 Q4,True
1283,Servicios profesionales,22,2023-11,52500.0,52500.0,3,52500.0,2023,2023 H2,2023 Q4,True
1284,Restaurantes,22,2023-11,6300.0,6300.0,3,6300.0,2023,2023 H2,2023 Q4,True
1285,Restaurantes,22,2023-11,37800.0,37800.0,3,37800.0,2023,2023 H2,2023 Q4,True
1286,Servicios profesionales,22,2023-11,6300.0,6300.0,3,6300.0,2023,2023 H2,2023 Q4,True
1287,Restaurantes,22,2023-11,420000.0,420000.0,3,0.0,2023,2023 H2,2023 Q4,True
1288,Producción,22,2023-11,266280.0,202440.0,3,138600.0,2023,2023 H2,2023 Q4,True
1289,Producción,22,2023-11,27300.0,27300.0,3,27300.0,2023,2023 H2,2023 Q4,True
1290,Retail,22,2023-11,37800.0,37800.0,3,37800.0,2023,2023 H2,2023 Q4,True
1291,Producción,22,2023-11,7350.0,7350.0,3,7350.0,2023,2023 H2,2023 Q4,True
1292,Salud,22,2023-11,6300.0,6300.0,3,6300.0,2023,2023 H2,2023 Q4,True
1293,Retail,22,2023-11,31500.0,31500.0,3,31500.0,2023,2023 H2,2023 Q4,True
1294,Producción,22,2023-11,115500.0,115500.0,3,115500.0,2023,2023 H2,2023 Q4,True
1295,Restaurantes,22,2023-11,18900.0,18900.0,3,18900.0,2023,2023 H2,2023 Q4,True
1296,Restaurantes,22,2023-11,25200.0,25200.0,3,25200.0,2023,2023 H2,2023 Q4,True
1297,Producción,22,2023-11,49350.0,49350.0,3,49350.0,2023,2023 H2,2023 Q4,True
1298,Restaurantes,22,2023-11,54600.0,54600.0,3,54600.0,2023,2023 H2,2023 Q4,True
1299,Salud,22,2023-11,84000.0,84000.0,3,84000.0,2023,2023 H2,2023 Q4,True
1300,Restaurantes,22,2023-11,18900.0,18900.0,3,18900.0,2023,2023 H2,2023 Q4,True
1301,Restaurantes,22,2023-11,86100.0,86100.0,3,86100.0,2023,2023 H2,2023 Q4,True
1302,Producción,22,2023-11,42000.0,42000.0,3,42000.0,2023,2023 H2,2023 Q4,True
1303,Retail,22,2023-11,31500.0,31500.0,3,31500.0,2023,2023 H2,2023 Q4,True
1304,Servicios profesionales,22,2023-11,21000.0,21000.0,3,21000.0,2023,2023 H2,2023 Q4,True
1305,Servicios profesionales,22,2023-11,21357.0,21357.0,3,21357.0,2023,2023 H2,2023 Q4,True
1306,Retail,22,2023-11,13293.0,13293.0,3,13293.0,2023,2023 H2,2023 Q4,True
1307,Tecnología,22,2023-11,30939.93,35700.0,3,35700.0,2023,2023 H2,2023 Q4,True
1308,Retail,22,2023-11,31500.0,31500.0,3,31500.0,2023,2023 H2,2023 Q4,True
1309,Restaurantes,22,2023-11,46200.0,46200.0,3,46200.0,2023,2023 H2,2023 Q4,True
1310,Restaurantes,22,2023-11,52500.0,52500.0,3,52500.0,2023,2023 H2,2023 Q4,True
1311,Producción,22,2023-11,6300.0,6300.0,3,0.0,2023,2023 H2,2023 Q4,True
1312,Producción,22,2023-11,36750.0,36750.0,3,36750.0,2023,2023 H2,2023 Q4,True
1313,Restaurantes,22,2023-11,52500.0,52500.0,3,52500.0,2023,2023 H2,2023 Q4,True
1314,Producción,22,2023-11,52500.0,52500.0,3,52500.0,2023,2023 H2,2023 Q4,True
1315,Producción,22,2023-11,57750.0,57750.0,3,57750.0,2023,2023 H2,2023 Q4,True
1316,Producción,22,2023-11,38850.0,46200.0,3,46200.0,2023,2023 H2,2023 Q4,True
1317,Restaurantes,22,2023-11,67200.84,67200.84,3,67200.84,2023,2023 H2,2023 Q4,True
1318,Retail,22,2023-11,70350.0,70350.0,3,70350.0,2023,2023 H2,2023 Q4,True
1319,Restaurantes,22,2023-11,6300.0,6300.0,3,6300.0,2023,2023 H2,2023 Q4,True
1320,Producción,22,2023-11,34650.0,34650.0,3,34650.0,2023,2023 H2,2023 Q4,True
1321,Producción,22,2023-11,52500.0,52500.0,3,52500.0,2023,2023 H2,2023 Q4,True
1322,Tecnología,22,2023-11,16800.0,16800.0,3,16800.0,2023,2023 H2,2023 Q4,True
1323,Retail,22,2023-11,52500.0,52500.0,3,52500.0,2023,2023 H2,2023 Q4,True
1324,Retail,22,2023-11,31500.0,17850.0,3,4200.0,2023,2023 H2,2023 Q4,True
1325,Restaurantes,22,2023-11,6300.0,6300.0,3,6300.0,2023,2023 H2,2023 Q4,True
1326,Retail,22,2023-11,35007.0,35007.0,3,35007.0,2023,2023 H2,2023 Q4,True
1327,Producción,22,2023-11,31500.0,31500.0,3,31500.0,2023,2023 H2,2023 Q4,True
1328,Salud,22,2023-11,79800.0,79800.0,3,79800.0,2023,2023 H2,2023 Q4,True
1329,Producción,22,2023-11,35007.0,35007.0,3,35007.0,2023,2023 H2,2023 Q4,True
1330,Salud,22,2023-11,35007.0,35007.0,3,35007.0,2023,2023 H2,2023 Q4,True
1331,Restaurantes,22,2023-11,31500.0,31500.0,3,31500.0,2023,2023 H2,2023 Q4,True
1332,Producción,22,2023-11,84000.0,84000.0,3,84000.0,2023,2023 H2,2023 Q4,True
1333,Producción,22,2023-11,25200.0,25200.0,3,25200.0,2023,2023 H2,2023 Q4,True
1334,Servicios profesionales,22,2023-11,9450.0,9450.0,3,9450.0,2023,2023 H2,2023 Q4,True
1335,Restaurantes,22,2023-11,59850.0,59850.0,3,59850.0,2023,2023 H2,2023 Q4,True
1336,Tecnología,22,2023-11,105000.0,105000.0,3,105000.0,2023,2023 H2,2023 Q4,True
1337,Producción,22,2023-11,46200.0,46200.0,3,46200.0,2023,2023 H2,2023 Q4,True
1338,Salud,22,2023-11,63000.0,63000.0,3,63000.0,2023,2023 H2,2023 Q4,True
1339,Retail,22,2023-11,31500.0,31500.0,3,31500.0,2023,2023 H2,2023 Q4,True
1340,Retail,22,2023-11,6999.93,6999.93,3,6999.93,2023,2023 H2,2023 Q4,True
1341,Servicios profesionales,22,2023-11,6999.93,6999.93,3,6999.93,2023,2023 H2,2023 Q4,True
1342,Producción,22,2023-11,6999.93,6999.93,3,6999.93,2023,2023 H2,2023 Q4,True
1343,Producción,22,2023-11,6999.93,6999.93,3,6999.93,2023,2023 H2,2023 Q4,True
1344,Tecnología,22,2023-11,29400.0,29400.0,3,29400.0,2023,2023 H2,2023 Q4,True
1345,Retail,22,2023-11,16800.0,16800.0,3,16800.0,2023,2023 H2,2023 Q4,True
1346,Retail,22,2023-11,6999.93,6999.93,3,6999.93,2023,2023 H2,2023 Q4,True
1347,Retail,22,2023-11,6999.93,6999.93,3,6999.93,2023,2023 H2,2023 Q4,True
1348,Producción,22,2023-11,63000.0,63000.0,3,63000.0,2023,2023 H2,2023 Q4,True
1349,Restaurantes,22,2023-11,89250.0,89250.0,3,89250.0,2023,2023 H2,2023 Q4,True
1350,Servicios profesionales,22,2023-11,12600.0,12600.0,3,12600.0,2023,2023 H2,2023 Q4,True
1351,Servicios profesionales,22,2023-11,12600.0,12600.0,3,12600.0,2023,2023 H2,2023 Q4,True
1352,Tecnología,22,2023-11,84000.0,84000.0,3,84000.0,2023,2023 H2,2023 Q4,True
1353,Tecnología,23,2023-12,63000.0,63000.0,3,63000.0,2023,2023 H2,2023 Q4,True
1354,Restaurantes,23,2023-12,12600.0,6300.0,3,6300.0,2023,2023 H2,2023 Q4,True
1355,Producción,23,2023-12,15750.0,15750.0,3,15750.0,2023,2023 H2,2023 Q4,True
1356,Tecnología,23,2023-12,105000.0,105000.0,3,0.0,2023,2023 H2,2023 Q4,True
1357,Producción,23,2023-12,869400.0,869400.0,3,0.0,2023,2023 H2,2023 Q4,True
1358,Restaurantes,23,2023-12,42000.0,42000.0,3,42000.0,2023,2023 H2,2023 Q4,True
1359,Producción,23,2023-12,94500.0,94500.0,3,94500.0,2023,2023 H2,2023 Q4,True
1360,Restaurantes,23,2023-12,27300.0,27300.0,3,27300.0,2023,2023 H2,2023 Q4,True
1361,Retail,23,2023-12,32550.0,32550.0,3,32550.0,2023,2023 H2,2023 Q4,True
1362,Restaurantes,23,2023-12,39900.0,39900.0,3,0.0,2023,2023 H2,2023 Q4,True
1363,Salud,23,2023-12,84000.0,84000.0,3,84000.0,2023,2023 H2,2023 Q4,True
1364,Producción,23,2023-12,10500.0,88200.0,3,88200.0,2023,2023 H2,2023 Q4,True
1365,Producción,23,2023-12,25200.0,25200.0,3,25200.0,2023,2023 H2,2023 Q4,True
1366,Retail,23,2023-12,27300.0,27300.0,3,27300.0,2023,2023 H2,2023 Q4,True
1367,Servicios profesionales,23,2023-12,18900.0,18900.0,3,18900.0,2023,2023 H2,2023 Q4,True
1368,Retail,23,2023-12,8400.0,8400.0,3,8400.0,2023,2023 H2,2023 Q4,True
1369,Producción,23,2023-12,61950.0,61950.0,3,61950.0,2023,2023 H2,2023 Q4,True
1370,Producción,23,2023-12,14700.0,14700.0,3,14700.0,2023,2023 H2,2023 Q4,True
1371,Producción,23,2023-12,105000.0,105000.0,3,105000.0,2023,2023 H2,2023 Q4,True
1372,Retail,23,2023-12,18900.0,18900.0,3,18900.0,2023,2023 H2,2023 Q4,True
1373,Restaurantes,23,2023-12,38850.0,38850.0,3,38850.0,2023,2023 H2,2023 Q4,True
1374,Tecnología,23,2023-12,63000.0,63000.0,3,63000.0,2023,2023 H2,2023 Q4,True
1375,Restaurantes,23,2023-12,32550.0,32550.0,3,32550.0,2023,2023 H2,2023 Q4,True
1376,Producción,23,2023-12,25200.0,25200.0,3,25200.0,2023,2023 H2,2023 Q4,True
1377,Producción,23,2023-12,52500.0,52500.0,3,52500.0,2023,2023 H2,2023 Q4,True
1378,Retail,23,2023-12,56700.0,56700.0,3,56700.0,2023,2023 H2,2023 Q4,True
1379,Salud,23,2023-12,52500.0,52500.0,3,52500.0,2023,2023 H2,2023 Q4,True
1380,Tecnología,23,2023-12,52500.0,52500.0,3,52500.0,2023,2023 H2,2023 Q4,True
1381,Producción,23,2023-12,49350.0,49350.0,3,49350.0,2023,2023 H2,2023 Q4,True
1382,Restaurantes,23,2023-12,39900.0,39900.0,3,39900.0,2023,2023 H2,2023 Q4,True
1383,Restaurantes,23,2023-12,42000.0,42000.0,3,42000.0,2023,2023 H2,2023 Q4,True
1384,Retail,23,2023-12,21000.0,21000.0,3,21000.0,2023,2023 H2,2023 Q4,True
1385,Retail,23,2023-12,10500.0,10500.0,3,10500.0,2023,2023 H2,2023 Q4,True
1386,Producción,23,2023-12,37800.0,37800.0,3,37800.0,2023,2023 H2,2023 Q4,True
1387,Restaurantes,23,2023-12,73500.0,73500.0,3,73500.0,2023,2023 H2,2023 Q4,True
1388,Producción,23,2023-12,26250.0,26250.0,3,26250.0,2023,2023 H2,2023 Q4,True
1389,Retail,23,2023-12,37800.0,37800.0,3,37800.0,2023,2023 H2,2023 Q4,True
1390,Restaurantes,23,2023-12,25200.0,25200.0,3,25200.0,2023,2023 H2,2023 Q4,True
1391,Producción,23,2023-12,73500.0,73500.0,3,73500.0,2023,2023 H2,2023 Q4,True
1392,Restaurantes,23,2023-12,60900.0,60900.0,3,60900.0,2023,2023 H2,2023 Q4,True
1393,Restaurantes,23,2023-12,31500.0,31500.0,3,31500.0,2023,2023 H2,2023 Q4,True
1394,Restaurantes,23,2023-12,36750.0,36750.0,3,36750.0,2023,2023 H2,2023 Q4,True
1395,Salud,23,2023-12,42000.0,42000.0,3,42000.0,2023,2023 H2,2023 Q4,True
1396,Restaurantes,23,2023-12,63000.0,63000.0,3,63000.0,2023,2023 H2,2023 Q4,True
1397,Restaurantes,23,2023-12,31500.0,31500.0,3,31500.0,2023,2023 H2,2023 Q4,True
1398,Retail,23,2023-12,31500.0,31500.0,3,31500.0,2023,2023 H2,2023 Q4,True
1399,Producción,23,2023-12,40950.0,40950.0,3,40950.0,2023,2023 H2,2023 Q4,True
1400,Restaurantes,23,2023-12,84000.0,84000.0,3,84000.0,2023,2023 H2,2023 Q4,True
1401,Tecnología,23,2023-12,43050.0,43050.0,3,43050.0,2023,2023 H2,2023 Q4,True
1402,Retail,23,2023-12,12600.0,12600.0,3,12600.0,2023,2023 H2,2023 Q4,True
1403,Restaurantes,23,2023-12,30450.0,30450.0,3,30450.0,2023,2023 H2,2023 Q4,True
1404,Retail,23,2023-12,37800.0,37800.0,3,0.0,2023,2023 H2,2023 Q4,True
1405,Servicios profesionales,23,2023-12,10500.0,10500.0,3,10500.0,2023,2023 H2,2023 Q4,True
1406,Servicios profesionales,23,2023-12,10500.0,10500.0,3,10500.0,2023,2023 H2,2023 Q4,True
1407,Retail,23,2023-12,10500.0,10500.0,3,10500.0,2023,2023 H2,2023 Q4,True
1408,Producción,24,2024-01,32550.0,32550.0,3,32550.0,2024,2024 H1,2024 Q1,True
1409,Retail,24,2024-01,6300.0,6300.0,3,6300.0,2024,2024 H1,2024 Q1,True
1410,Retail,24,2024-01,6300.0,6300.0,3,0.0,2024,2024 H1,2024 Q1,True
1411,Retail,24,2024-01,31500.0,31500.0,3,31500.0,2024,2024 H1,2024 Q1,True
1412,Restaurantes,24,2024-01,63000.0,63000.0,3,63000.0,2024,2024 H1,2024 Q1,True
1413,Tecnología,24,2024-01,63000.0,63000.0,3,63000.0,2024,2024 H1,2024 Q1,True
1414,Restaurantes,24,2024-01,42000.0,42000.0,3,42000.0,2024,2024 H1,2024 Q1,True
1415,Retail,24,2024-01,34125.0,34125.0,3,34125.0,2024,2024 H1,2024 Q1,True
1416,Salud,24,2024-01,40950.0,40950.0,3,40950.0,2024,2024 H1,2024 Q1,True
1417,Restaurantes,24,2024-01,105000.0,105000.0,3,105000.0,2024,2024 H1,2024 Q1,True
1418,Producción,24,2024-01,52500.0,52500.0,3,52500.0,2024,2024 H1,2024 Q1,True
1419,Restaurantes,24,2024-01,13762.98,13762.98,3,0.0,2024,2024 H1,2024 Q1,True
1420,Retail,24,2024-01,14700.0,14700.0,3,14700.0,2024,2024 H1,2024 Q1,True
1421,Restaurantes,24,2024-01,16800.0,16800.0,3,16800.0,2024,2024 H1,2024 Q1,True
1422,Retail,24,2024-01,51450.0,51450.0,3,51450.0,2024,2024 H1,2024 Q1,True
1423,Retail,24,2024-01,42000.0,42000.0,3,42000.0,2024,2024 H1,2024 Q1,True
1424,Restaurantes,24,2024-01,54600.0,54600.0,3,54600.0,2024,2024 H1,2024 Q1,True
1425,Restaurantes,24,2024-01,63000.0,63000.0,3,63000.0,2024,2024 H1,2024 Q1,True
1426,Restaurantes,24,2024-01,23100.0,23100.0,3,23100.0,2024,2024 H1,2024 Q1,True
1427,Producción,24,2024-01,28350.0,28350.0,3,28350.0,2024,2024 H1,2024 Q1,True
1428,Producción,24,2024-01,32550.0,32550.0,3,32550.0,2024,2024 H1,2024 Q1,True
1429,Restaurantes,24,2024-01,63000.0,63000.0,3,63000.0,2024,2024 H1,2024 Q1,True
1430,Producción,24,2024-01,35700.0,35700.0,3,35700.0,2024,2024 H1,2024 Q1,True
1431,Restaurantes,24,2024-01,63000.0,63000.0,3,63000.0,2024,2024 H1,2024 Q1,True
1432,Restaurantes,24,2024-01,12600.0,12600.0,3,12600.0,2024,2024 H1,2024 Q1,True
1433,Restaurantes,24,2024-01,21000.0,21000.0,3,21000.0,2024,2024 H1,2024 Q1,True
1434,Tecnología,24,2024-01,27300.0,49756.35,3,72212.7,2024,2024 H1,2024 Q1,True
1435,Producción,24,2024-01,14700.0,14700.0,3,14700.0,2024,2024 H1,2024 Q1,True
1436,Producción,24,2024-01,51450.0,51450.0,3,51450.0,2024,2024 H1,2024 Q1,True
1437,Salud,24,2024-01,47250.0,47250.0,3,47250.0,2024,2024 H1,2024 Q1,True
1438,Retail,24,2024-01,15750.0,15750.0,3,15750.0,2024,2024 H1,2024 Q1,True
1439,Tecnología,24,2024-01,80850.0,80850.0,3,80850.0,2024,2024 H1,2024 Q1,True
1440,Retail,24,2024-01,25200.0,25200.0,3,25200.0,2024,2024 H1,2024 Q1,True
1441,Salud,24,2024-01,25200.0,25200.0,3,25200.0,2024,2024 H1,2024 Q1,True
1442,Producción,24,2024-01,42000.0,42000.0,3,42000.0,2024,2024 H1,2024 Q1,True
1443,Salud,24,2024-01,42000.0,42000.0,3,42000.0,2024,2024 H1,2024 Q1,True
1444,Retail,24,2024-01,60900.0,60900.0,3,60900.0,2024,2024 H1,2024 Q1,True
1445,Producción,24,2024-01,52500.0,52500.0,3,52500.0,2024,2024 H1,2024 Q1,True
1446,Restaurantes,24,2024-01,28350.0,28350.0,3,28350.0,2024,2024 H1,2024 Q1,True
1447,Tecnología,24,2024-01,35700.0,35700.0,3,35700.0,2024,2024 H1,2024 Q1,True
1448,Restaurantes,24,2024-01,27300.0,27300.0,3,27300.0,2024,2024 H1,2024 Q1,True
1449,Restaurantes,24,2024-01,42000.0,42000.0,3,42000.0,2024,2024 H1,2024 Q1,True
1450,Restaurantes,24,2024-01,21000.0,21000.0,3,21000.0,2024,2024 H1,2024 Q1,True
1451,Producción,24,2024-01,52500.0,52500.0,3,52500.0,2024,2024 H1,2024 Q1,True
1452,Restaurantes,24,2024-01,71400.0,71400.0,3,71400.0,2024,2024 H1,2024 Q1,True
1453,Restaurantes,24,2024-01,31500.0,31500.0,3,31500.0,2024,2024 H1,2024 Q1,True
1454,Restaurantes,24,2024-01,67200.0,67200.0,3,67200.0,2024,2024 H1,2024 Q1,True
1455,Restaurantes,24,2024-01,42000.0,42000.0,3,42000.0,2024,2024 H1,2024 Q1,True
1456,Restaurantes,24,2024-01,48300.0,48300.0,3,48300.0,2024,2024 H1,2024 Q1,True
1457,Retail,24,2024-01,21000.0,21000.0,3,21000.0,2024,2024 H1,2024 Q1,True
1458,Restaurantes,24,2024-01,42000.0,42000.0,3,42000.0,2024,2024 H1,2024 Q1,True
1459,Retail,24,2024-01,49350.0,49350.0,3,49350.0,2024,2024 H1,2024 Q1,True
1460,Restaurantes,24,2024-01,57750.0,57750.0,3,57750.0,2024,2024 H1,2024 Q1,True
1461,Tecnología,24,2024-01,31500.0,31500.0,3,31500.0,2024,2024 H1,2024 Q1,True
1462,Retail,24,2024-01,52500.0,52500.0,3,52500.0,2024,2024 H1,2024 Q1,True
1463,Tecnología,24,2024-01,33600.0,33600.0,3,33600.0,2024,2024 H1,2024 Q1,True
1464,Restaurantes,24,2024-01,60900.0,60900.0,3,60900.0,2024,2024 H1,2024 Q1,True
1465,Producción,25,2024-02,2937.9,2937.9,3,0.0,2024,2024 H1,2024 Q1,True
1466,Restaurantes,25,2024-02,6300.0,6300.0,3,0.0,2024,2024 H1,2024 Q1,True
1467,Retail,25,2024-02,18900.0,18900.0,3,18900.0,2024,2024 H1,2024 Q1,True
1468,Restaurantes,25,2024-02,31500.0,31500.0,3,31500.0,2024,2024 H1,2024 Q1,True
1469,Salud,25,2024-02,63000.0,63000.0,3,63000.0,2024,2024 H1,2024 Q1,True
1470,Producción,25,2024-02,47250.0,15750.0,3,15750.0,2024,2024 H1,2024 Q1,True
1471,Producción,25,2024-02,25200.0,25200.0,3,25200.0,2024,2024 H1,2024 Q1,True
1472,Salud,25,2024-02,63000.0,63000.0,3,63000.0,2024,2024 H1,2024 Q1,True
1473,Retail,25,2024-02,21000.0,21000.0,3,21000.0,2024,2024 H1,2024 Q1,True
1474,Salud,25,2024-02,29400.0,29400.0,3,29400.0,2024,2024 H1,2024 Q1,True
1475,Tecnología,25,2024-02,77700.0,77700.0,3,77700.0,2024,2024 H1,2024 Q1,True
1476,Salud,25,2024-02,33600.0,33600.0,3,33600.0,2024,2024 H1,2024 Q1,True
1477,Restaurantes,25,2024-02,73500.0,73500.0,3,73500.0,2024,2024 H1,2024 Q1,True
1478,Salud,25,2024-02,52500.0,52500.0,3,52500.0,2024,2024 H1,2024 Q1,True
1479,Servicios profesionales,25,2024-02,38850.0,38850.0,3,38850.0,2024,2024 H1,2024 Q1,True
1480,Restaurantes,25,2024-02,6300.0,6300.0,3,6300.0,2024,2024 H1,2024 Q1,True
1481,Producción,25,2024-02,21000.0,21000.0,3,21000.0,2024,2024 H1,2024 Q1,True
1482,Producción,25,2024-02,42000.0,42000.0,3,42000.0,2024,2024 H1,2024 Q1,True
1483,Retail,25,2024-02,33600.0,33600.0,3,33600.0,2024,2024 H1,2024 Q1,True
1484,Restaurantes,25,2024-02,25200.0,25200.0,3,25200.0,2024,2024 H1,2024 Q1,True
1485,Restaurantes,25,2024-02,39900.0,39900.0,3,39900.0,2024,2024 H1,2024 Q1,True
1486,Retail,25,2024-02,27300.0,27300.0,3,27300.0,2024,2024 H1,2024 Q1,True
1487,Producción,25,2024-02,42000.0,42000.0,3,42000.0,2024,2024 H1,2024 Q1,True
1488,Restaurantes,25,2024-02,58359.0,58359.0,3,58359.0,2024,2024 H1,2024 Q1,True
1489,Restaurantes,25,2024-02,25200.0,25200.0,3,25200.0,2024,2024 H1,2024 Q1,True
1490,Tecnología,25,2024-02,95319.0,95319.0,3,95319.0,2024,2024 H1,2024 Q1,True
1491,Retail,25,2024-02,18900.0,18900.0,3,18900.0,2024,2024 H1,2024 Q1,True
1492,Producción,25,2024-02,36750.0,36750.0,3,36750.0,2024,2024 H1,2024 Q1,True
1493,Producción,25,2024-02,42000.0,42000.0,3,42000.0,2024,2024 H1,2024 Q1,True
1494,Salud,25,2024-02,52500.0,52500.0,3,0.0,2024,2024 H1,2024 Q1,True
1495,Producción,25,2024-02,84000.0,84000.0,3,84000.0,2024,2024 H1,2024 Q1,True
1496,Tecnología,25,2024-02,52500.0,52500.0,3,52500.0,2024,2024 H1,2024 Q1,True
1497,Servicios profesionales,26,2024-03,331842.0,331842.0,3,850437.0,2024,2024 H1,2024 Q1,True
1498,Salud,26,2024-03,96600.0,48300.0,3,48300.0,2024,2024 H1,2024 Q1,True
1499,Salud,26,2024-03,109200.0,54600.0,3,54600.0,2024,2024 H1,2024 Q1,True
1500,Tecnología,26,2024-03,144900.0,144900.0,3,144900.0,2024,2024 H1,2024 Q1,True
1501,Retail,26,2024-03,6300.0,6300.0,3,6300.0,2024,2024 H1,2024 Q1,True
1502,Restaurantes,26,2024-03,346500.0,69300.0,3,69300.0,2024,2024 H1,2024 Q1,True
1503,Salud,26,2024-03,73500.0,73500.0,3,73500.0,2024,2024 H1,2024 Q1,True
1504,Producción,26,2024-03,66150.0,66150.0,3,66150.0,2024,2024 H1,2024 Q1,True
1505,Restaurantes,26,2024-03,37800.0,37800.0,3,37800.0,2024,2024 H1,2024 Q1,True
1506,Producción,26,2024-03,36960.0,16800.0,3,16800.0,2024,2024 H1,2024 Q1,True
1507,Retail,26,2024-03,6300.0,6300.0,3,6300.0,2024,2024 H1,2024 Q1,True
1508,Retail,26,2024-03,18900.0,6300.0,3,6300.0,2024,2024 H1,2024 Q1,True
1509,Producción,26,2024-03,6300.0,6300.0,3,6300.0,2024,2024 H1,2024 Q1,True
1510,Retail,26,2024-03,24811.5,24811.5,3,24811.5,2024,2024 H1,2024 Q1,True
1511,Restaurantes,26,2024-03,42000.0,42000.0,3,42000.0,2024,2024 H1,2024 Q1,True
1512,Restaurantes,26,2024-03,63000.0,21000.0,3,21000.0,2024,2024 H1,2024 Q1,True
1513,Retail,26,2024-03,56700.0,14700.0,3,14700.0,2024,2024 H1,2024 Q1,True
1514,Tecnología,26,2024-03,42000.0,42000.0,3,42000.0,2024,2024 H1,2024 Q1,True
1515,Salud,26,2024-03,84000.0,42000.0,3,42000.0,2024,2024 H1,2024 Q1,True
1516,Producción,26,2024-03,31500.0,31500.0,3,0.0,2024,2024 H1,2024 Q1,True
1517,Producción,26,2024-03,31500.0,31500.0,3,31500.0,2024,2024 H1,2024 Q1,True
1518,Tecnología,26,2024-03,52500.0,52500.0,3,52500.0,2024,2024 H1,2024 Q1,True
1519,Producción,26,2024-03,84000.0,42000.0,3,42000.0,2024,2024 H1,2024 Q1,True
1520,Salud,26,2024-03,126000.0,63000.0,3,63000.0,2024,2024 H1,2024 Q1,True
1521,Restaurantes,26,2024-03,52500.0,52500.0,3,52500.0,2024,2024 H1,2024 Q1,True
1522,Tecnología,26,2024-03,63000.0,63000.0,3,63000.0,2024,2024 H1,2024 Q1,True
1523,Retail,26,2024-03,20999.79,20999.79,3,20999.79,2024,2024 H1,2024 Q1,True
1524,Producción,26,2024-03,29400.0,29400.0,3,29400.0,2024,2024 H1,2024 Q1,True
1525,Producción,26,2024-03,52500.0,52500.0,3,52500.0,2024,2024 H1,2024 Q1,True
1526,Restaurantes,26,2024-03,57750.0,57750.0,3,57750.0,2024,2024 H1,2024 Q1,True
1527,Retail,26,2024-03,63000.0,63000.0,3,63000.0,2024,2024 H1,2024 Q1,True
1528,Servicios profesionales,26,2024-03,10500.0,10500.0,3,10500.0,2024,2024 H1,2024 Q1,True
1529,Producción,26,2024-03,21000.0,21000.0,3,21000.0,2024,2024 H1,2024 Q1,True
1530,Producción,26,2024-03,63000.0,63000.0,3,63000.0,2024,2024 H1,2024 Q1,True
1531,Retail,26,2024-03,21000.0,21000.0,3,21000.0,2024,2024 H1,2024 Q1,True
1532,Producción,26,2024-03,31500.0,31500.0,3,31500.0,2024,2024 H1,2024 Q1,True
1533,Producción,26,2024-03,14700.0,14700.0,3,14700.0,2024,2024 H1,2024 Q1,True
1534,Salud,26,2024-03,63000.0,63000.0,3,63000.0,2024,2024 H1,2024 Q1,True
1535,Retail,26,2024-03,21000.0,21000.0,3,21000.0,2024,2024 H1,2024 Q1,True
1536,Retail,26,2024-03,89250.0,89250.0,3,89250.0,2024,2024 H1,2024 Q1,True
1537,Restaurantes,26,2024-03,49350.0,49350.0,3,49350.0,2024,2024 H1,2024 Q1,True
1538,Salud,26,2024-03,44100.0,44100.0,3,44100.0,2024,2024 H1,2024 Q1,True
1539,Retail,26,2024-03,20580.0,20580.0,3,20580.0,2024,2024 H1,2024 Q1,True
1540,Servicios profesionales,27,2024-04,10500.0,10500.0,3,10500.0,2024,2024 H1,2024 Q2,True
1541,Restaurantes,27,2024-04,28350.0,28350.0,3,28350.0,2024,2024 H1,2024 Q2,True
1542,Restaurantes,27,2024-04,247159.29,247159.29,3,0.0,2024,2024 H1,2024 Q2,True
1543,Tecnología,27,2024-04,252000.0,63000.0,3,63000.0,2024,2024 H1,2024 Q2,True
1544,Restaurantes,27,2024-04,58800.0,58800.0,3,58800.0,2024,2024 H1,2024 Q2,True
1545,Retail,27,2024-04,35700.0,35700.0,3,35700.0,2024,2024 H1,2024 Q2,True
1546,Retail,27,2024-04,54600.0,27300.0,3,27300.0,2024,2024 H1,2024 Q2,True
1547,Retail,27,2024-04,42000.0,42000.0,3,42000.0,2024,2024 H1,2024 Q2,True
1548,Tecnología,27,2024-04,42000.0,42000.0,3,42000.0,2024,2024 H1,2024 Q2,True
1549,Restaurantes,27,2024-04,60900.0,60900.0,3,60900.0,2024,2024 H1,2024 Q2,True
1550,Restaurantes,27,2024-04,42000.0,77700.0,3,77700.0,2024,2024 H1,2024 Q2,True
1551,Retail,27,2024-04,14700.0,14700.0,3,14700.0,2024,2024 H1,2024 Q2,True
1552,Producción,27,2024-04,58800.0,58800.0,3,58800.0,2024,2024 H1,2024 Q2,True
1553,Producción,27,2024-04,6300.0,6300.0,3,6300.0,2024,2024 H1,2024 Q2,True
1554,Restaurantes,27,2024-04,31500.0,31500.0,3,31500.0,2024,2024 H1,2024 Q2,True
1555,Servicios profesionales,27,2024-04,60900.0,60900.0,3,60900.0,2024,2024 H1,2024 Q2,True
1556,Salud,27,2024-04,78750.0,78750.0,3,78750.0,2024,2024 H1,2024 Q2,True
1557,Restaurantes,27,2024-04,14700.0,14700.0,3,14700.0,2024,2024 H1,2024 Q2,True
1558,Salud,27,2024-04,58800.0,58800.0,3,58800.0,2024,2024 H1,2024 Q2,True
1559,Servicios profesionales,27,2024-04,50400.0,50400.0,3,50400.0,2024,2024 H1,2024 Q2,True
1560,Retail,27,2024-04,54600.0,27300.0,3,27300.0,2024,2024 H1,2024 Q2,True
1561,Producción,27,2024-04,90300.0,45150.0,3,45150.0,2024,2024 H1,2024 Q2,True
1562,Retail,27,2024-04,81900.0,40950.0,3,40950.0,2024,2024 H1,2024 Q2,True
1563,Producción,27,2024-04,67200.0,33600.0,3,33600.0,2024,2024 H1,2024 Q2,True
1564,Producción,27,2024-04,46200.0,46200.0,3,46200.0,2024,2024 H1,2024 Q2,True
1565,Producción,27,2024-04,50400.0,50400.0,3,0.0,2024,2024 H1,2024 Q2,True
1566,Retail,27,2024-04,147000.0,147000.0,3,147000.0,2024,2024 H1,2024 Q2,True
1567,Restaurantes,27,2024-04,94500.0,47250.0,3,47250.0,2024,2024 H1,2024 Q2,True
1568,Restaurantes,27,2024-04,42000.0,42000.0,3,42000.0,2024,2024 H1,2024 Q2,True
1569,Servicios profesionales,27,2024-04,19950.0,19950.0,3,19950.0,2024,2024 H1,2024 Q2,True
1570,Salud,27,2024-04,64155.0,64155.0,3,64155.0,2024,2024 H1,2024 Q2,True
1571,Retail,27,2024-04,31500.0,31500.0,3,31500.0,2024,2024 H1,2024 Q2,True
1572,Producción,27,2024-04,55650.0,55650.0,3,55650.0,2024,2024 H1,2024 Q2,True
1573,Restaurantes,27,2024-04,68250.0,68250.0,3,0.0,2024,2024 H1,2024 Q2,True
1574,Servicios profesionales,27,2024-04,27300.0,27300.0,3,27300.0,2024,2024 H1,2024 Q2,True
1575,Restaurantes,27,2024-04,63000.0,31500.0,3,31500.0,2024,2024 H1,2024 Q2,True
1576,Producción,27,2024-04,63000.0,63000.0,3,63000.0,2024,2024 H1,2024 Q2,True
1577,Retail,27,2024-04,113400.0,18900.0,3,18900.0,2024,2024 H1,2024 Q2,True
1578,Retail,27,2024-04,407400.0,407400.0,3,629664.0,2024,2024 H1,2024 Q2,True
1579,Restaurantes,27,2024-04,63000.0,31500.0,3,31500.0,2024,2024 H1,2024 Q2,True
1580,Restaurantes,27,2024-04,63000.0,21000.0,3,21000.0,2024,2024 H1,2024 Q2,True
1581,Retail,27,2024-04,20580.0,20580.0,3,20580.0,2024,2024 H1,2024 Q2,True
1582,Restaurantes,27,2024-04,69300.0,69300.0,3,69300.0,2024,2024 H1,2024 Q2,True
1583,Servicios profesionales,27,2024-04,14700.0,14700.0,3,14700.0,2024,2024 H1,2024 Q2,True
1584,Tecnología,27,2024-04,36750.0,36750.0,3,36750.0,2024,2024 H1,2024 Q2,True
1585,Restaurantes,27,2024-04,42000.0,42000.0,3,42000.0,2024,2024 H1,2024 Q2,True
1586,Servicios profesionales,27,2024-04,31500.0,31500.0,3,31500.0,2024,2024 H1,2024 Q2,True
1587,Retail,27,2024-04,31500.0,31500.0,3,31500.0,2024,2024 H1,2024 Q2,True
1588,Restaurantes,27,2024-04,52500.0,52500.0,3,52500.0,2024,2024 H1,2024 Q2,True
1589,Retail,27,2024-04,63000.0,63000.0,3,63000.0,2024,2024 H1,2024 Q2,True
1590,Producción,27,2024-04,13650.0,13650.0,3,13650.0,2024,2024 H1,2024 Q2,True
1591,Salud,27,2024-04,25200.0,25200.0,3,25200.0,2024,2024 H1,2024 Q2,True
1592,Restaurantes,27,2024-04,38850.0,38850.0,3,38850.0,2024,2024 H1,2024 Q2,True
1593,Restaurantes,27,2024-04,101850.0,101850.0,3,101850.0,2024,2024 H1,2024 Q2,True
1594,Servicios profesionales,27,2024-04,47250.0,47250.0,3,47250.0,2024,2024 H1,2024 Q2,True
1595,Restaurantes,27,2024-04,14700.0,14700.0,3,14700.0,2024,2024 H1,2024 Q2,True
1596,Producción,27,2024-04,30450.0,30450.0,3,30450.0,2024,2024 H1,2024 Q2,True
1597,Producción,27,2024-04,35700.0,35700.0,3,35700.0,2024,2024 H1,2024 Q2,True
1598,Tecnología,27,2024-04,42000.0,42000.0,3,42000.0,2024,2024 H1,2024 Q2,True
1599,Retail,27,2024-04,21000.0,21000.0,3,21000.0,2024,2024 H1,2024 Q2,True
1600,Retail,27,2024-04,63000.0,63000.0,3,63000.0,2024,2024 H1,2024 Q2,True
1601,Tecnología,27,2024-04,52500.0,52500.0,3,52500.0,2024,2024 H1,2024 Q2,True
1602,Producción,27,2024-04,39900.0,39900.0,3,39900.0,2024,2024 H1,2024 Q2,True
1603,Retail,27,2024-04,52500.0,52500.0,3,52500.0,2024,2024 H1,2024 Q2,True
1604,Retail,27,2024-04,35700.0,35700.0,3,35700.0,2024,2024 H1,2024 Q2,True
1605,Restaurantes,27,2024-04,21000.0,21000.0,3,21000.0,2024,2024 H1,2024 Q2,True
1606,Producción,27,2024-04,15750.0,15750.0,3,15750.0,2024,2024 H1,2024 Q2,True
1607,Tecnología,27,2024-04,88200.0,88200.0,3,88200.0,2024,2024 H1,2024 Q2,True
1608,Salud,27,2024-04,126000.0,126000.0,3,126000.0,2024,2024 H1,2024 Q2,True
1609,Servicios profesionales,28,2024-05,8190.0,8190.0,3,8190.0,2024,2024 H1,2024 Q2,True
1610,Servicios profesionales,28,2024-05,39900.0,39900.0,3,39900.0,2024,2024 H1,2024 Q2,True
1611,Producción,28,2024-05,52500.0,52500.0,3,52500.0,2024,2024 H1,2024 Q2,True
1612,Restaurantes,28,2024-05,370209.0,208257.0,3,208257.0,2024,2024 H1,2024 Q2,True
1613,Retail,28,2024-05,84000.0,84000.0,3,84000.0,2024,2024 H1,2024 Q2,True
1614,Restaurantes,28,2024-05,52500.0,52500.0,3,52500.0,2024,2024 H1,2024 Q2,True
1615,Servicios profesionales,28,2024-05,170100.0,170100.0,3,0.0,2024,2024 H1,2024 Q2,True
1616,Restaurantes,28,2024-05,52500.0,52500.0,3,52500.0,2024,2024 H1,2024 Q2,True
1617,Restaurantes,28,2024-05,42000.0,42000.0,3,42000.0,2024,2024 H1,2024 Q2,True
1618,Restaurantes,28,2024-05,70350.0,70350.0,3,70350.0,2024,2024 H1,2024 Q2,True
1619,Producción,28,2024-05,16800.0,16800.0,3,16800.0,2024,2024 H1,2024 Q2,True
1620,Retail,28,2024-05,75600.0,18900.0,3,18900.0,2024,2024 H1,2024 Q2,True
1621,Tecnología,28,2024-05,85622.67,85622.67,3,85622.67,2024,2024 H1,2024 Q2,True
1622,Tecnología,28,2024-05,60900.0,60900.0,3,60900.0,2024,2024 H1,2024 Q2,True
1623,Retail,28,2024-05,24570.0,24570.0,3,0.0,2024,2024 H1,2024 Q2,True
1624,Restaurantes,28,2024-05,42000.0,42000.0,3,42000.0,2024,2024 H1,2024 Q2,True
1625,Salud,28,2024-05,42000.0,42000.0,3,42000.0,2024,2024 H1,2024 Q2,True
1626,Servicios profesionales,28,2024-05,26880.0,26880.0,3,26880.0,2024,2024 H1,2024 Q2,True
1627,Restaurantes,28,2024-05,42000.0,42000.0,3,42000.0,2024,2024 H1,2024 Q2,True
1628,Tecnología,28,2024-05,39900.0,39900.0,3,39900.0,2024,2024 H1,2024 Q2,True
1629,Restaurantes,28,2024-05,50400.0,50400.0,3,50400.0,2024,2024 H1,2024 Q2,True
1630,Restaurantes,28,2024-05,31500.0,31500.0,3,31500.0,2024,2024 H1,2024 Q2,True
1631,Producción,28,2024-05,46200.0,46200.0,3,46200.0,2024,2024 H1,2024 Q2,True
1632,Tecnología,28,2024-05,42000.0,42000.0,3,0.0,2024,2024 H1,2024 Q2,True
1633,Retail,28,2024-05,31500.0,31500.0,3,31500.0,2024,2024 H1,2024 Q2,True
1634,Restaurantes,28,2024-05,14700.0,14700.0,3,14700.0,2024,2024 H1,2024 Q2,True
1635,Retail,28,2024-05,46200.0,46200.0,3,46200.0,2024,2024 H1,2024 Q2,True
1636,Servicios profesionales,28,2024-05,16800.0,16800.0,3,16800.0,2024,2024 H1,2024 Q2,True
1637,Restaurantes,28,2024-05,29400.0,39900.0,3,39900.0,2024,2024 H1,2024 Q2,True
1638,Restaurantes,28,2024-05,21000.0,21000.0,3,21000.0,2024,2024 H1,2024 Q2,True
1639,Retail,28,2024-05,31500.0,31500.0,3,31500.0,2024,2024 H1,2024 Q2,True
1640,Retail,28,2024-05,18900.0,18900.0,3,18900.0,2024,2024 H1,2024 Q2,True
1641,Tecnología,28,2024-05,35700.0,35700.0,3,35700.0,2024,2024 H1,2024 Q2,True
1642,Retail,28,2024-05,14700.0,14700.0,3,14700.0,2024,2024 H1,2024 Q2,True
1643,Retail,28,2024-05,21000.0,21000.0,3,21000.0,2024,2024 H1,2024 Q2,True
1644,Producción,28,2024-05,37800.0,37800.0,3,37800.0,2024,2024 H1,2024 Q2,True
1645,Tecnología,28,2024-05,52500.0,52500.0,3,52500.0,2024,2024 H1,2024 Q2,True
1646,Restaurantes,28,2024-05,21000.0,21000.0,3,21000.0,2024,2024 H1,2024 Q2,True
1647,Restaurantes,28,2024-05,27300.0,27300.0,3,27300.0,2024,2024 H1,2024 Q2,True
1648,Producción,28,2024-05,84000.0,84000.0,3,84000.0,2024,2024 H1,2024 Q2,True
1649,Retail,28,2024-05,29400.0,29400.0,3,29400.0,2024,2024 H1,2024 Q2,True
1650,Retail,28,2024-05,18900.0,18900.0,3,18900.0,2024,2024 H1,2024 Q2,True
1651,Producción,28,2024-05,84000.0,84000.0,3,84000.0,2024,2024 H1,2024 Q2,True
1652,Restaurantes,28,2024-05,52500.0,52500.0,3,52500.0,2024,2024 H1,2024 Q2,True
1653,Producción,28,2024-05,25200.0,25200.0,3,25200.0,2024,2024 H1,2024 Q2,True
1654,Salud,28,2024-05,42000.0,42000.0,3,42000.0,2024,2024 H1,2024 Q2,True
1655,Retail,28,2024-05,21000.0,21000.0,3,21000.0,2024,2024 H1,2024 Q2,True
1656,Producción,28,2024-05,113400.0,37800.0,3,37800.0,2024,2024 H1,2024 Q2,True
1657,Producción,28,2024-05,159600.0,159600.0,3,163800.0,2024,2024 H1,2024 Q2,True
1658,Producción,28,2024-05,441000.0,73500.0,3,73500.0,2024,2024 H1,2024 Q2,True
1659,Servicios profesionales,28,2024-05,35700.0,17850.0,3,17850.0,2024,2024 H1,2024 Q2,True
1660,Producción,28,2024-05,84000.0,42000.0,3,42000.0,2024,2024 H1,2024 Q2,True
1661,Salud,28,2024-05,58800.0,29400.0,3,29400.0,2024,2024 H1,2024 Q2,True
1662,Restaurantes,28,2024-05,168000.0,84000.0,3,84000.0,2024,2024 H1,2024 Q2,True
1663,Restaurantes,28,2024-05,54600.0,27300.0,3,27300.0,2024,2024 H1,2024 Q2,True
1664,Servicios profesionales,28,2024-05,141750.0,141750.0,3,0.0,2024,2024 H1,2024 Q2,True
1665,Tecnología,28,2024-05,56700.0,56700.0,3,56700.0,2024,2024 H1,2024 Q2,True
1666,Producción,28,2024-05,21000.0,21000.0,3,21000.0,2024,2024 H1,2024 Q2,True
1667,Restaurantes,28,2024-05,32550.0,32550.0,3,32550.0,2024,2024 H1,2024 Q2,True
1668,Restaurantes,28,2024-05,30450.0,30450.0,3,30450.0,2024,2024 H1,2024 Q2,True
1669,Producción,28,2024-05,16800.0,16800.0,3,16800.0,2024,2024 H1,2024 Q2,True
1670,Producción,28,2024-05,37800.0,37800.0,3,37800.0,2024,2024 H1,2024 Q2,True
1671,Servicios profesionales,28,2024-05,31500.0,31500.0,3,31500.0,2024,2024 H1,2024 Q2,True
1672,Retail,28,2024-05,33600.0,33600.0,3,33600.0,2024,2024 H1,2024 Q2,True
1673,Restaurantes,28,2024-05,84000.0,84000.0,3,84000.0,2024,2024 H1,2024 Q2,True
1674,Retail,28,2024-05,37800.0,37800.0,3,37800.0,2024,2024 H1,2024 Q2,True
1675,Restaurantes,29,2024-06,90300.0,90300.0,3,90300.0,2024,2024 H1,2024 Q2,True
1676,Servicios profesionales,29,2024-06,21000.0,21000.0,3,63000.0,2024,2024 H1,2024 Q2,True
1677,Producción,29,2024-06,46200.0,46200.0,3,46200.0,2024,2024 H1,2024 Q2,True
1678,Retail,29,2024-06,10500.0,10500.0,3,10500.0,2024,2024 H1,2024 Q2,True
1679,Tecnología,29,2024-06,89250.0,89250.0,3,89250.0,2024,2024 H1,2024 Q2,True
1680,Restaurantes,29,2024-06,79800.0,79800.0,3,79800.0,2024,2024 H1,2024 Q2,True
1681,Restaurantes,29,2024-06,196584.78,98292.39,3,98292.39,2024,2024 H1,2024 Q2,True
1682,Retail,29,2024-06,73500.0,36750.0,3,36750.0,2024,2024 H1,2024 Q2,True
1683,Servicios profesionales,29,2024-06,80850.0,80850.0,3,80850.0,2024,2024 H1,2024 Q2,True
1684,Retail,29,2024-06,31500.0,31500.0,3,31500.0,2024,2024 H1,2024 Q2,True
1685,Producción,29,2024-06,26250.0,26250.0,3,26250.0,2024,2024 H1,2024 Q2,True
1686,Producción,29,2024-06,6300.0,6300.0,3,6300.0,2024,2024 H1,2024 Q2,True
1687,Retail,29,2024-06,63000.0,21000.0,3,21000.0,2024,2024 H1,2024 Q2,True
1688,Restaurantes,29,2024-06,58800.0,58800.0,3,58800.0,2024,2024 H1,2024 Q2,True
1689,Restaurantes,29,2024-06,105000.0,52500.0,3,52500.0,2024,2024 H1,2024 Q2,True
1690,Retail,29,2024-06,10290.0,10290.0,3,10290.0,2024,2024 H1,2024 Q2,True
1691,Restaurantes,29,2024-06,54600.0,54600.0,3,54600.0,2024,2024 H1,2024 Q2,True
1692,Tecnología,29,2024-06,50400.0,50400.0,3,50400.0,2024,2024 H1,2024 Q2,True
1693,Servicios profesionales,29,2024-06,63000.0,42000.0,3,42000.0,2024,2024 H1,2024 Q2,True
1694,Retail,29,2024-06,50400.0,25200.0,3,25200.0,2024,2024 H1,2024 Q2,True
1695,Restaurantes,29,2024-06,155400.0,155400.0,3,155400.0,2024,2024 H1,2024 Q2,True
1696,Restaurantes,29,2024-06,12390.0,12390.0,3,12390.0,2024,2024 H1,2024 Q2,True
1697,Retail,29,2024-06,16800.0,16800.0,3,16800.0,2024,2024 H1,2024 Q2,True
1698,Retail,29,2024-06,60900.0,60900.0,3,60900.0,2024,2024 H1,2024 Q2,True
1699,Producción,29,2024-06,10500.0,10500.0,3,10500.0,2024,2024 H1,2024 Q2,True
1700,Tecnología,29,2024-06,84000.0,42000.0,3,42000.0,2024,2024 H1,2024 Q2,True
1701,Producción,29,2024-06,96600.0,96600.0,3,96600.0,2024,2024 H1,2024 Q2,True
1702,Retail,29,2024-06,18900.0,18900.0,3,18900.0,2024,2024 H1,2024 Q2,True
1703,Retail,29,2024-06,132300.0,88200.0,3,88200.0,2024,2024 H1,2024 Q2,True
1704,Restaurantes,29,2024-06,9899.19,9899.19,3,9899.19,2024,2024 H1,2024 Q2,True
1705,Restaurantes,29,2024-06,53100.81,53100.81,3,53100.81,2024,2024 H1,2024 Q2,True
1706,Restaurantes,29,2024-06,12390.0,12390.0,3,12390.0,2024,2024 H1,2024 Q2,True
1707,Retail,29,2024-06,96600.0,48300.0,3,48300.0,2024,2024 H1,2024 Q2,True
1708,Salud,29,2024-06,6300.0,6300.0,3,6300.0,2024,2024 H1,2024 Q2,True
1709,Producción,29,2024-06,73500.0,73500.0,3,73500.0,2024,2024 H1,2024 Q2,True
1710,Producción,29,2024-06,144900.0,96600.0,3,96600.0,2024,2024 H1,2024 Q2,True
1711,Producción,29,2024-06,111300.0,111300.0,3,111300.0,2024,2024 H1,2024 Q2,True
1712,Producción,29,2024-06,25200.0,25200.0,3,25200.0,2024,2024 H1,2024 Q2,True
1713,Retail,29,2024-06,56700.0,28350.0,3,28350.0,2024,2024 H1,2024 Q2,True
1714,Tecnología,29,2024-06,126000.0,31500.0,3,31500.0,2024,2024 H1,2024 Q2,True
1715,Salud,29,2024-06,25200.0,25200.0,3,25200.0,2024,2024 H1,2024 Q2,True
1716,Salud,29,2024-06,69300.0,69300.0,3,69300.0,2024,2024 H1,2024 Q2,True
1717,Restaurantes,29,2024-06,55650.0,55650.0,3,55650.0,2024,2024 H1,2024 Q2,True
1718,Tecnología,29,2024-06,42000.0,42000.0,3,42000.0,2024,2024 H1,2024 Q2,True
1719,Tecnología,29,2024-06,66150.0,66150.0,3,66150.0,2024,2024 H1,2024 Q2,True
1720,Retail,29,2024-06,32550.0,32550.0,3,32550.0,2024,2024 H1,2024 Q2,True
1721,Producción,29,2024-06,126000.0,126000.0,3,126000.0,2024,2024 H1,2024 Q2,True
1722,Retail,29,2024-06,56700.0,56700.0,3,56700.0,2024,2024 H1,2024 Q2,True
1723,Tecnología,29,2024-06,32550.0,32550.0,3,32550.0,2024,2024 H1,2024 Q2,True
1724,Retail,29,2024-06,29400.0,29400.0,3,29400.0,2024,2024 H1,2024 Q2,True
1725,Servicios profesionales,29,2024-06,54600.0,54600.0,3,54600.0,2024,2024 H1,2024 Q2,True
1726,Producción,29,2024-06,42000.0,42000.0,3,42000.0,2024,2024 H1,2024 Q2,True
1727,Restaurantes,29,2024-06,47250.0,47250.0,3,47250.0,2024,2024 H1,2024 Q2,True
1728,Salud,29,2024-06,80850.0,80850.0,3,80850.0,2024,2024 H1,2024 Q2,True
1729,Restaurantes,29,2024-06,51450.0,51450.0,3,51450.0,2024,2024 H1,2024 Q2,True
1730,Restaurantes,29,2024-06,31500.0,31500.0,3,31500.0,2024,2024 H1,2024 Q2,True
1731,Restaurantes,29,2024-06,27300.0,27300.0,3,27300.0,2024,2024 H1,2024 Q2,True
1732,Salud,29,2024-06,52500.0,52500.0,3,52500.0,2024,2024 H1,2024 Q2,True
1733,Retail,29,2024-06,33600.0,33600.0,3,33600.0,2024,2024 H1,2024 Q2,True
1734,Servicios profesionales,29,2024-06,31500.0,31500.0,3,31500.0,2024,2024 H1,2024 Q2,True
1735,Retail,29,2024-06,21000.0,21000.0,3,21000.0,2024,2024 H1,2024 Q2,True
1736,Producción,29,2024-06,31500.0,31500.0,3,31500.0,2024,2024 H1,2024 Q2,True
1737,Retail,29,2024-06,14700.0,14700.0,3,14700.0,2024,2024 H1,2024 Q2,True
1738,Restaurantes,29,2024-06,62475.0,62475.0,3,62475.0,2024,2024 H1,2024 Q2,True
1739,Restaurantes,29,2024-06,77700.0,77700.0,3,77700.0,2024,2024 H1,2024 Q2,True
1740,Tecnología,29,2024-06,15750.0,15750.0,3,15750.0,2024,2024 H1,2024 Q2,True
1741,Servicios profesionales,29,2024-06,31500.0,31500.0,3,31500.0,2024,2024 H1,2024 Q2,True
1742,Producción,29,2024-06,51450.0,51450.0,3,51450.0,2024,2024 H1,2024 Q2,True
1743,Tecnología,29,2024-06,126000.0,126000.0,3,126000.0,2024,2024 H1,2024 Q2,True
1744,Restaurantes,29,2024-06,44100.0,44100.0,3,44100.0,2024,2024 H1,2024 Q2,True
1745,Servicios profesionales,29,2024-06,25200.0,25200.0,3,25200.0,2024,2024 H1,2024 Q2,True
1746,Salud,29,2024-06,31500.0,31500.0,3,31500.0,2024,2024 H1,2024 Q2,True
1747,Producción,29,2024-06,52500.0,52500.0,3,52500.0,2024,2024 H1,2024 Q2,True
1748,Retail,29,2024-06,30450.0,30450.0,3,30450.0,2024,2024 H1,2024 Q2,True
1749,Restaurantes,29,2024-06,58800.0,58800.0,3,58800.0,2024,2024 H1,2024 Q2,True
1750,Retail,29,2024-06,36750.0,36750.0,3,36750.0,2024,2024 H1,2024 Q2,True
1751,Restaurantes,29,2024-06,31500.0,31500.0,3,31500.0,2024,2024 H1,2024 Q2,True
1752,Producción,29,2024-06,29400.0,29400.0,3,29400.0,2024,2024 H1,2024 Q2,True
1753,Restaurantes,29,2024-06,46200.0,46200.0,3,46200.0,2024,2024 H1,2024 Q2,True
1754,Restaurantes,29,2024-06,126000.0,126000.0,3,126000.0,2024,2024 H1,2024 Q2,True
1755,Servicios profesionales,29,2024-06,25200.0,25200.0,3,25200.0,2024,2024 H1,2024 Q2,True
1756,Restaurantes,29,2024-06,53550.0,53550.0,3,53550.0,2024,2024 H1,2024 Q2,True
1757,Retail,29,2024-06,35700.0,35700.0,3,35700.0,2024,2024 H1,2024 Q2,True
1758,Tecnología,29,2024-06,71400.0,71400.0,3,71400.0,2024,2024 H1,2024 Q2,True
1759,Tecnología,30,2024-07,165900.0,60900.0,3,60900.0,2024,2024 H2,2024 Q3,True
1760,Servicios profesionales,30,2024-07,79800.0,79800.0,3,0.0,2024,2024 H2,2024 Q3,True
1761,Restaurantes,30,2024-07,102375.0,102375.0,3,102375.0,2024,2024 H2,2024 Q3,True
1762,Tecnología,30,2024-07,39900.0,39900.0,3,39900.0,2024,2024 H2,2024 Q3,True
1763,Salud,30,2024-07,82950.0,82950.0,3,0.0,2024,2024 H2,2024 Q3,True
1764,Tecnología,30,2024-07,42000.0,42000.0,3,42000.0,2024,2024 H2,2024 Q3,True
1765,Servicios profesionales,30,2024-07,46200.0,46200.0,3,46200.0,2024,2024 H2,2024 Q3,True
1766,Retail,30,2024-07,18900.0,18900.0,3,18900.0,2024,2024 H2,2024 Q3,True
1767,Tecnología,30,2024-07,31500.0,31500.0,3,31500.0,2024,2024 H2,2024 Q3,True
1768,Producción,30,2024-07,40950.0,40950.0,3,40950.0,2024,2024 H2,2024 Q3,True
1769,Salud,30,2024-07,63000.0,63000.0,3,63000.0,2024,2024 H2,2024 Q3,True
1770,Producción,30,2024-07,23100.0,23100.0,3,23100.0,2024,2024 H2,2024 Q3,True
1771,Producción,30,2024-07,15750.0,15750.0,3,15750.0,2024,2024 H2,2024 Q3,True
1772,Restaurantes,30,2024-07,6300.0,6300.0,3,6300.0,2024,2024 H2,2024 Q3,True
1773,Restaurantes,30,2024-07,52500.0,52500.0,3,52500.0,2024,2024 H2,2024 Q3,True
1774,Restaurantes,30,2024-07,36750.0,36750.0,3,36750.0,2024,2024 H2,2024 Q3,True
1775,Producción,30,2024-07,35700.0,35700.0,3,35700.0,2024,2024 H2,2024 Q3,True
1776,Servicios profesionales,30,2024-07,21000.0,21000.0,3,21000.0,2024,2024 H2,2024 Q3,True
1777,Restaurantes,30,2024-07,25200.0,25200.0,3,25200.0,2024,2024 H2,2024 Q3,True
1778,Restaurantes,30,2024-07,14700.0,14700.0,3,14700.0,2024,2024 H2,2024 Q3,True
1779,Producción,30,2024-07,63000.0,63000.0,3,63000.0,2024,2024 H2,2024 Q3,True
1780,Retail,30,2024-07,6300.0,8190.0,3,8190.0,2024,2024 H2,2024 Q3,True
1781,Restaurantes,30,2024-07,59850.0,59850.0,3,59850.0,2024,2024 H2,2024 Q3,True
1782,Restaurantes,30,2024-07,52500.0,52500.0,3,52500.0,2024,2024 H2,2024 Q3,True
1783,Servicios profesionales,30,2024-07,18900.0,18900.0,3,18900.0,2024,2024 H2,2024 Q3,True
1784,Producción,30,2024-07,84000.0,84000.0,3,84000.0,2024,2024 H2,2024 Q3,True
1785,Tecnología,30,2024-07,50400.0,50400.0,3,50400.0,2024,2024 H2,2024 Q3,True
1786,Producción,30,2024-07,73500.0,21000.0,3,10500.0,2024,2024 H2,2024 Q3,True
1787,Producción,30,2024-07,84000.0,42000.0,3,42000.0,2024,2024 H2,2024 Q3,True
1788,Servicios profesionales,30,2024-07,16800.0,16800.0,3,16800.0,2024,2024 H2,2024 Q3,True
1789,Tecnología,30,2024-07,16800.0,16800.0,3,16800.0,2024,2024 H2,2024 Q3,True
1790,Restaurantes,30,2024-07,19950.21,19950.21,3,19950.21,2024,2024 H2,2024 Q3,True
1791,Retail,30,2024-07,19950.0,19950.0,3,19950.0,2024,2024 H2,2024 Q3,True
1792,Restaurantes,30,2024-07,73500.0,73500.0,3,73500.0,2024,2024 H2,2024 Q3,True
1793,Retail,30,2024-07,14700.0,14700.0,3,14700.0,2024,2024 H2,2024 Q3,True
1794,Restaurantes,30,2024-07,58800.0,58800.0,3,58800.0,2024,2024 H2,2024 Q3,True
1795,Producción,30,2024-07,52500.0,52500.0,3,52500.0,2024,2024 H2,2024 Q3,True
1796,Salud,30,2024-07,58800.0,58800.0,3,58800.0,2024,2024 H2,2024 Q3,True
1797,Producción,30,2024-07,23100.0,23100.0,3,23100.0,2024,2024 H2,2024 Q3,True
1798,Servicios profesionales,30,2024-07,72450.0,72450.0,3,72450.0,2024,2024 H2,2024 Q3,True
1799,Restaurantes,30,2024-07,42000.0,42000.0,3,42000.0,2024,2024 H2,2024 Q3,True
1800,Producción,30,2024-07,31500.0,31500.0,3,31500.0,2024,2024 H2,2024 Q3,True
1801,Retail,30,2024-07,52500.0,52500.0,3,52500.0,2024,2024 H2,2024 Q3,True
1802,Restaurantes,30,2024-07,14700.0,14700.0,3,14700.0,2024,2024 H2,2024 Q3,True
1803,Producción,30,2024-07,29400.0,29400.0,3,29400.0,2024,2024 H2,2024 Q3,True
1804,Producción,30,2024-07,147000.0,73500.0,3,73500.0,2024,2024 H2,2024 Q3,True
1805,Producción,30,2024-07,144900.0,144900.0,3,144900.0,2024,2024 H2,2024 Q3,True
1806,Tecnología,30,2024-07,52500.0,52500.0,3,52500.0,2024,2024 H2,2024 Q3,True
1807,Producción,31,2024-08,42000.0,42000.0,3,42000.0,2024,2024 H2,2024 Q3,True
1808,Restaurantes,31,2024-08,199500.0,199500.0,3,199500.0,2024,2024 H2,2024 Q3,True
1809,Retail,31,2024-08,23100.0,23100.0,3,23100.0,2024,2024 H2,2024 Q3,True
1810,Restaurantes,31,2024-08,63000.0,63000.0,3,63000.0,2024,2024 H2,2024 Q3,True
1811,Servicios profesionales,31,2024-08,45150.0,45150.0,3,45150.0,2024,2024 H2,2024 Q3,True
1812,Tecnología,31,2024-08,30450.0,30450.0,3,30450.0,2024,2024 H2,2024 Q3,True
1813,Retail,31,2024-08,31500.0,31500.0,3,31500.0,2024,2024 H2,2024 Q3,True
1814,Retail,31,2024-08,31500.0,31500.0,3,31500.0,2024,2024 H2,2024 Q3,True
1815,Restaurantes,31,2024-08,37800.0,37800.0,3,37800.0,2024,2024 H2,2024 Q3,True
1816,Retail,31,2024-08,25200.0,25200.0,3,25200.0,2024,2024 H2,2024 Q3,True
1817,Tecnología,31,2024-08,42000.0,42000.0,3,42000.0,2024,2024 H2,2024 Q3,True
1818,Restaurantes,31,2024-08,39900.0,39900.0,3,39900.0,2024,2024 H2,2024 Q3,True
1819,Producción,31,2024-08,33600.0,33600.0,3,33600.0,2024,2024 H2,2024 Q3,True
1820,Retail,31,2024-08,31500.0,31500.0,3,31500.0,2024,2024 H2,2024 Q3,True
1821,Producción,31,2024-08,73500.0,73500.0,3,73500.0,2024,2024 H2,2024 Q3,True
1822,Restaurantes,31,2024-08,52500.0,52500.0,3,52500.0,2024,2024 H2,2024 Q3,True
1823,Salud,31,2024-08,60900.0,60900.0,3,60900.0,2024,2024 H2,2024 Q3,True
1824,Producción,31,2024-08,78750.0,78750.0,3,78750.0,2024,2024 H2,2024 Q3,True
1825,Retail,31,2024-08,17850.0,17850.0,3,17850.0,2024,2024 H2,2024 Q3,True
1826,Producción,31,2024-08,48300.0,48300.0,3,48300.0,2024,2024 H2,2024 Q3,True
1827,Retail,31,2024-08,18900.0,18900.0,3,18900.0,2024,2024 H2,2024 Q3,True
1828,Retail,31,2024-08,78749.37,78749.37,3,78749.37,2024,2024 H2,2024 Q3,True
1829,Retail,31,2024-08,12600.0,12600.0,3,12600.0,2024,2024 H2,2024 Q3,True
1830,Retail,31,2024-08,49350.0,49350.0,3,49350.0,2024,2024 H2,2024 Q3,True
1831,Tecnología,31,2024-08,25200.0,25200.0,3,25200.0,2024,2024 H2,2024 Q3,True
1832,Servicios profesionales,31,2024-08,73500.0,73500.0,3,73500.0,2024,2024 H2,2024 Q3,True
1833,Retail,31,2024-08,15750.0,15750.0,3,15750.0,2024,2024 H2,2024 Q3,True
1834,Retail,31,2024-08,25200.0,25200.0,3,25200.0,2024,2024 H2,2024 Q3,True
1835,Tecnología,31,2024-08,27300.0,27300.0,3,27300.0,2024,2024 H2,2024 Q3,True
1836,Retail,31,2024-08,31500.0,31500.0,3,31500.0,2024,2024 H2,2024 Q3,True
1837,Retail,31,2024-08,18900.0,18900.0,3,18900.0,2024,2024 H2,2024 Q3,True
1838,Producción,31,2024-08,33390.0,33390.0,3,33390.0,2024,2024 H2,2024 Q3,True
1839,Restaurantes,31,2024-08,52500.0,52500.0,3,52500.0,2024,2024 H2,2024 Q3,True
1840,Retail,31,2024-08,37800.0,37800.0,3,37800.0,2024,2024 H2,2024 Q3,True
1841,Tecnología,31,2024-08,44100.0,44100.0,3,44100.0,2024,2024 H2,2024 Q3,True
1842,Producción,31,2024-08,27300.0,27300.0,3,27300.0,2024,2024 H2,2024 Q3,True
1843,Retail,31,2024-08,21000.0,21000.0,3,21000.0,2024,2024 H2,2024 Q3,True
1844,Producción,31,2024-08,55650.0,55650.0,3,55650.0,2024,2024 H2,2024 Q3,True
1845,Salud,31,2024-08,50400.0,50400.0,3,50400.0,2024,2024 H2,2024 Q3,True
1846,Tecnología,31,2024-08,31500.0,31500.0,3,31500.0,2024,2024 H2,2024 Q3,True
1847,Restaurantes,31,2024-08,59850.0,59850.0,3,59850.0,2024,2024 H2,2024 Q3,True
1848,Salud,31,2024-08,31500.0,31500.0,3,31500.0,2024,2024 H2,2024 Q3,True
1849,Retail,31,2024-08,6300.0,6300.0,3,6300.0,2024,2024 H2,2024 Q3,True
1850,Producción,31,2024-08,16800.0,16800.0,3,16800.0,2024,2024 H2,2024 Q3,True
1851,Retail,31,2024-08,6951.0,6951.0,3,6951.0,2024,2024 H2,2024 Q3,True
1852,Servicios profesionales,31,2024-08,21000.0,21000.0,3,21000.0,2024,2024 H2,2024 Q3,True
1853,Retail,31,2024-08,6300.0,6300.0,3,6300.0,2024,2024 H2,2024 Q3,True
1854,Servicios profesionales,31,2024-08,8190.0,8190.0,3,8190.0,2024,2024 H2,2024 Q3,True
1855,Retail,31,2024-08,8746.5,8746.5,3,8746.5,2024,2024 H2,2024 Q3,True
1856,Retail,31,2024-08,28350.0,28350.0,3,28350.0,2024,2024 H2,2024 Q3,True
1857,Salud,31,2024-08,27299.79,27299.79,3,27299.79,2024,2024 H2,2024 Q3,True
1858,Tecnología,31,2024-08,49350.0,49350.0,3,49350.0,2024,2024 H2,2024 Q3,True
1859,Retail,31,2024-08,21000.0,21000.0,3,21000.0,2024,2024 H2,2024 Q3,True
1860,Producción,31,2024-08,31500.0,31500.0,3,31500.0,2024,2024 H2,2024 Q3,True
1861,Servicios profesionales,31,2024-08,16800.0,16800.0,3,16800.0,2024,2024 H2,2024 Q3,True
1862,Retail,31,2024-08,12390.0,12390.0,3,10290.0,2024,2024 H2,2024 Q3,True
1863,Producción,32,2024-09,58800.0,58800.0,2,58800.0,2024,2024 H2,2024 Q3,True
1864,Restaurantes,32,2024-09,49350.0,49350.0,2,49350.0,2024,2024 H2,2024 Q3,True
1865,Restaurantes,32,2024-09,71400.0,71400.0,2,71400.0,2024,2024 H2,2024 Q3,True
1866,Restaurantes,32,2024-09,237999.93,237999.93,2,237999.93,2024,2024 H2,2024 Q3,True
1867,Retail,32,2024-09,16380.0,12285.0,2,8190.0,2024,2024 H2,2024 Q3,True
1868,Retail,32,2024-09,110250.0,57258.81,2,4267.62,2024,2024 H2,2024 Q3,True
1869,Retail,32,2024-09,82950.0,82950.0,2,82950.0,2024,2024 H2,2024 Q3,True
1870,Producción,32,2024-09,38850.0,38850.0,2,38850.0,2024,2024 H2,2024 Q3,True
1871,Salud,32,2024-09,79800.0,79800.0,2,79800.0,2024,2024 H2,2024 Q3,True
1872,Retail,32,2024-09,29400.0,29400.0,2,29400.0,2024,2024 H2,2024 Q3,True
1873,Salud,32,2024-09,36750.0,36750.0,2,36750.0,2024,2024 H2,2024 Q3,True
1874,Retail,32,2024-09,25200.0,25200.0,2,25200.0,2024,2024 H2,2024 Q3,True
1875,Retail,32,2024-09,21000.0,21000.0,2,21000.0,2024,2024 H2,2024 Q3,True
1876,Tecnología,32,2024-09,42000.0,42000.0,2,42000.0,2024,2024 H2,2024 Q3,True
1877,Restaurantes,32,2024-09,52500.0,52500.0,2,52500.0,2024,2024 H2,2024 Q3,True
1878,Servicios profesionales,32,2024-09,31500.0,31500.0,2,31500.0,2024,2024 H2,2024 Q3,True
1879,Tecnología,32,2024-09,54600.0,54600.0,2,54600.0,2024,2024 H2,2024 Q3,True
1880,Restaurantes,32,2024-09,38850.0,38850.0,2,38850.0,2024,2024 H2,2024 Q3,True
1881,Restaurantes,32,2024-09,52500.0,52500.0,2,52500.0,2024,2024 H2,2024 Q3,True
1882,Producción,32,2024-09,26250.0,26250.0,2,26250.0,2024,2024 H2,2024 Q3,True
1883,Tecnología,32,2024-09,42000.0,42000.0,2,42000.0,2024,2024 H2,2024 Q3,True
1884,Retail,32,2024-09,8190.0,8190.0,2,8190.0,2024,2024 H2,2024 Q3,True
1885,Servicios profesionales,32,2024-09,35700.0,35700.0,2,35700.0,2024,2024 H2,2024 Q3,True
1886,Restaurantes,32,2024-09,73500.0,73500.0,2,73500.0,2024,2024 H2,2024 Q3,True
1887,Producción,32,2024-09,16800.0,16800.0,2,16800.0,2024,2024 H2,2024 Q3,True
1888,Retail,32,2024-09,10500.0,10500.0,2,10500.0,2024,2024 H2,2024 Q3,True
1889,Retail,32,2024-09,37800.0,37800.0,2,37800.0,2024,2024 H2,2024 Q3,True
1890,Tecnología,32,2024-09,34650.0,34650.0,2,34650.0,2024,2024 H2,2024 Q3,True
1891,Retail,32,2024-09,21000.0,21000.0,2,21000.0,2024,2024 H2,2024 Q3,True
1892,Servicios profesionales,32,2024-09,17430.0,17430.0,2,17430.0,2024,2024 H2,2024 Q3,True
1893,Retail,32,2024-09,46200.0,46200.0,2,46200.0,2024,2024 H2,2024 Q3,True
1894,Salud,32,2024-09,75600.0,75600.0,2,75600.0,2024,2024 H2,2024 Q3,True
1895,Restaurantes,32,2024-09,63000.0,63000.0,2,63000.0,2024,2024 H2,2024 Q3,True
1896,Restaurantes,32,2024-09,52500.0,52500.0,2,52500.0,2024,2024 H2,2024 Q3,True
1897,Producción,32,2024-09,42000.0,42000.0,2,42000.0,2024,2024 H2,2024 Q3,True
1898,Restaurantes,32,2024-09,104454.63,104454.63,2,0.0,2024,2024 H2,2024 Q3,True
1899,Restaurantes,32,2024-09,104454.63,104454.63,2,0.0,2024,2024 H2,2024 Q3,True
1900,Retail,32,2024-09,4200.0,4200.0,2,4200.0,2024,2024 H2,2024 Q3,True
1901,Producción,32,2024-09,4200.0,4200.0,2,4200.0,2024,2024 H2,2024 Q3,True
1902,Tecnología,32,2024-09,86100.0,86100.0,2,86100.0,2024,2024 H2,2024 Q3,True
1903,Producción,32,2024-09,105000.0,105000.0,2,105000.0,2024,2024 H2,2024 Q3,True
1904,Retail,32,2024-09,38850.0,38850.0,2,38850.0,2024,2024 H2,2024 Q3,True
1905,Retail,32,2024-09,26250.0,26250.0,2,26250.0,2024,2024 H2,2024 Q3,True
1906,Restaurantes,32,2024-09,8190.0,8190.0,2,8190.0,2024,2024 H2,2024 Q3,True
1907,Servicios profesionales,32,2024-09,35700.0,35700.0,2,35700.0,2024,2024 H2,2024 Q3,True
1908,Servicios profesionales,32,2024-09,52500.0,52500.0,2,52500.0,2024,2024 H2,2024 Q3,True
1909,Retail,32,2024-09,42000.0,42000.0,2,42000.0,2024,2024 H2,2024 Q3,True
1910,Retail,32,2024-09,31500.0,31500.0,2,0.0,2024,2024 H2,2024 Q3,True
1911,Retail,32,2024-09,6300.0,6300.0,2,6300.0,2024,2024 H2,2024 Q3,True
1912,Producción,33,2024-10,34986.0,34986.0,1,,2024,2024 H2,2024 Q4,True
1913,Restaurantes,33,2024-10,31500.0,31500.0,1,,2024,2024 H2,2024 Q4,True
1914,Restaurantes,33,2024-10,118860.0,118860.0,1,,2024,2024 H2,2024 Q4,True
1915,Restaurantes,33,2024-10,70014.0,70014.0,1,,2024,2024 H2,2024 Q4,True
1916,Producción,33,2024-10,38850.0,38850.0,1,,2024,2024 H2,2024 Q4,True
1917,Restaurantes,33,2024-10,60753.0,60753.0,1,,2024,2024 H2,2024 Q4,True
1918,Servicios profesionales,33,2024-10,35700.0,35700.0,1,,2024,2024 H2,2024 Q4,True
1919,Salud,33,2024-10,35700.0,35700.0,1,,2024,2024 H2,2024 Q4,True
1920,Producción,33,2024-10,17850.0,17850.0,1,,2024,2024 H2,2024 Q4,True
1921,Restaurantes,33,2024-10,321930.0,321930.0,1,,2024,2024 H2,2024 Q4,True
1922,Restaurantes,33,2024-10,52500.0,52500.0,1,,2024,2024 H2,2024 Q4,True
1923,Restaurantes,33,2024-10,12600.0,12600.0,1,,2024,2024 H2,2024 Q4,True
1924,Producción,33,2024-10,63000.0,63000.0,1,,2024,2024 H2,2024 Q4,True
1925,Servicios profesionales,33,2024-10,29400.0,29400.0,1,,2024,2024 H2,2024 Q4,True
1926,Tecnología,33,2024-10,29400.0,29400.0,1,,2024,2024 H2,2024 Q4,True
1927,Salud,33,2024-10,29400.0,29400.0,1,,2024,2024 H2,2024 Q4,True
1928,Tecnología,33,2024-10,33600.0,33600.0,1,,2024,2024 H2,2024 Q4,True
1929,Retail,33,2024-10,21000.0,21000.0,1,,2024,2024 H2,2024 Q4,True
1930,Tecnología,33,2024-10,70875.0,70875.0,1,,2024,2024 H2,2024 Q4,True
1931,Producción,33,2024-10,25200.0,25200.0,1,,2024,2024 H2,2024 Q4,True
1932,Producción,33,2024-10,21000.0,21000.0,1,,2024,2024 H2,2024 Q4,True
1933,Retail,33,2024-10,21000.0,21000.0,1,,2024,2024 H2,2024 Q4,True
1934,Restaurantes,33,2024-10,42000.0,42000.0,1,,2024,2024 H2,2024 Q4,True
1935,Tecnología,33,2024-10,42000.0,42000.0,1,,2024,2024 H2,2024 Q4,True
1936,Restaurantes,33,2024-10,37590.0,37590.0,1,,2024,2024 H2,2024 Q4,True
1937,Producción,33,2024-10,31500.0,31500.0,1,,2024,2024 H2,2024 Q4,True
1938,Tecnología,33,2024-10,63000.0,63000.0,1,,2024,2024 H2,2024 Q4,True
1939,Servicios profesionales,33,2024-10,30450.0,30450.0,1,,2024,2024 H2,2024 Q4,True
1940,Servicios profesionales,33,2024-10,34650.0,34650.0,1,,2024,2024 H2,2024 Q4,True
1941,Salud,33,2024-10,49350.0,49350.0,1,,2024,2024 H2,2024 Q4,True
1942,Restaurantes,33,2024-10,46200.0,46200.0,1,,2024,2024 H2,2024 Q4,True
1943,Retail,33,2024-10,14700.0,14700.0,1,,2024,2024 H2,2024 Q4,True
1944,Salud,33,2024-10,31500.0,31500.0,1,,2024,2024 H2,2024 Q4,True
1945,Restaurantes,33,2024-10,26250.0,26250.0,1,,2024,2024 H2,2024 Q4,True
1946,Retail,33,2024-10,26250.0,26250.0,1,,2024,2024 H2,2024 Q4,True
1947,Salud,33,2024-10,26250.0,26250.0,1,,2024,2024 H2,2024 Q4,True
1948,Servicios profesionales,33,2024-10,31500.0,31500.0,1,,2024,2024 H2,2024 Q4,True
1949,Retail,33,2024-10,21000.0,21000.0,1,,2024,2024 H2,2024 Q4,True
1950,Restaurantes,33,2024-10,27300.0,27300.0,1,,2024,2024 H2,2024 Q4,True
1951,Retail,33,2024-10,9450.0,9450.0,1,,2024,2024 H2,2024 Q4,True
1952,Restaurantes,33,2024-10,94500.0,94500.0,1,,2024,2024 H2,2024 Q4,True
1953,Tecnología,33,2024-10,78750.0,78750.0,1,,2024,2024 H2,2024 Q4,True
1954,Restaurantes,33,2024-10,34650.0,34650.0,1,,2024,2024 H2,2024 Q4,True
1955,Restaurantes,33,2024-10,47250.0,47250.0,1,,2024,2024 H2,2024 Q4,True
1956,Restaurantes,33,2024-10,58743.09,58743.09,1,,2024,2024 H2,2024 Q4,True
1957,Restaurantes,33,2024-10,52921.89,52921.89,1,,2024,2024 H2,2024 Q4,True
1958,Producción,33,2024-10,6972.0,6972.0,1,,2024,2024 H2,2024 Q4,True
1959,Restaurantes,33,2024-10,8736.0,8736.0,1,,2024,2024 H2,2024 Q4,True
1960,Retail,33,2024-10,6972.0,6972.0,1,,2024,2024 H2,2024 Q4,True
1961,Producción,33,2024-10,45780.42,45780.42,1,,2024,2024 H2,2024 Q4,True
